round,reward,w0,w1,w2,w3,w4,w5
1,6.088047433255378,0.25542917291904216,0.050672550228535014,0.1952079522222567,0.057986324258860654,0.22615084018565276,0.21455316018565276
2,5.449205502471674,0.25529890180735265,0.05121866180166926,0.19512464005216312,0.057966472796987155,0.22602432110670775,0.21436700243512016
3,5.629745101934985,0.25516894066471857,0.051695769286318756,0.1950608577337895,0.05795992938744019,0.22593488304626977,0.21417961988146325
4,5.721799201198432,0.25502703663778375,0.05208918062474805,0.19503819824034468,0.05796654702160073,0.2259093594128305,0.21396967806269235
5,4.471008649158816,0.25490691097729723,0.05234371435738317,0.1950344359882752,0.05800175733413594,0.22591171493504328,0.21380146640786513
6,6.130319234792112,0.2547572452171092,0.052627730146217536,0.1950399021880521,0.058032360234089614,0.22595462927818086,0.21358813293635065
7,6.2742368031858495,0.2546160726541629,0.05285856710109732,0.1950643610921328,0.058062477190199406,0.2260277110888232,0.21337081087358437
8,6.077665596120659,0.2544686509139716,0.05302823152311558,0.19511566233611954,0.05810477672618875,0.2261269297738898,0.21315574872671478
9,6.121739895054136,0.2543202480942953,0.05315332929119665,0.19518538091987261,0.05813654249167453,0.22626670386338604,0.21293779533957485
10,4.915713576406633,0.25419052584176544,0.053221209678062854,0.19524907305389919,0.05818985606584375,0.22639429570486586,0.21275503965556283
11,5.1846467378776,0.25404165801606404,0.05325455474521158,0.19533206262932196,0.05824323941782083,0.22657486727178575,0.2125536179197959
12,5.074347100362524,0.2538892777421974,0.05325959607060216,0.19543113691928127,0.058290909702169304,0.22677622682366605,0.21235285274208388
13,5.7258344012738585,0.25374463953303433,0.05325271832970342,0.19552912604077885,0.0583467667848862,0.22698146392532972,0.21214528538626756
14,5.447120280668916,0.25360036578378947,0.05321996413508073,0.19562352481453812,0.058397377885063065,0.22721899095502612,0.2119397764265025
15,5.443954196539125,0.25344539008638245,0.05316031387006382,0.1957389969819078,0.05844476793784465,0.22748593792984187,0.2117245931939594
16,4.314541674714972,0.25330741808512247,0.05308898479404786,0.19584687388141325,0.05848480549539439,0.22773724463945866,0.21153467310456334
17,4.361530752021371,0.2531919166939365,0.053035707467488494,0.19593546513961788,0.05852874682822659,0.22793276763795559,0.21137539623277488
18,5.482468316683734,0.2530184220450013,0.0529236771026646,0.1960811422810862,0.05857415167570566,0.22825403727493607,0.21114856962060613
19,5.472907879524925,0.25287803606263737,0.052826180077441914,0.19617670400993276,0.05862617318703153,0.22854447066258787,0.2109484360003685
20,5.6400077338322525,0.2527352538310579,0.05270996830193576,0.1962823175923726,0.05867971351018122,0.22885607217955503,0.21073667458489753
21,5.489454058289083,0.2525675033069505,0.0525642854586342,0.19643702616459605,0.058723387402931856,0.22920365446262275,0.21050414320426467
22,4.707171452477859,0.2524401705456728,0.052454916715205954,0.19652728452829185,0.058771868768146385,0.229483184289431,0.21032257515325206
23,5.000595719527741,0.2522959069264328,0.05231303119067975,0.1966531801446288,0.05881266056729154,0.22981430221545632,0.21011091895551084
24,5.169664902449919,0.2521501390902059,0.052169579205822714,0.1967722988680294,0.05886455918881848,0.23014162051942536,0.20990180312769827
25,4.990058050107109,0.25203734812355166,0.052062394298913385,0.19685322107064648,0.05891639335539744,0.2303954249470381,0.20973521820445284
26,4.706817391459072,0.2518825041052871,0.0519059923521779,0.19699088424407485,0.05894872865669843,0.2307486042940394,0.20952328634772222
27,6.963643849787968,0.2516901638241895,0.051692106578841004,0.19716407114653386,0.05899351815715566,0.23121264710272038,0.20924749319055955
28,5.555660911608061,0.25151983700501296,0.05151584600790794,0.1973174722288593,0.05904281976061912,0.2315854412518234,0.20901858374577723
29,4.3657249087194385,0.25140753408282335,0.0513957186311819,0.19741634788619022,0.059093563462062924,0.23183412530858052,0.208852710629161
30,6.482952906988975,0.2512246666356256,0.0511820696319033,0.19759673163278468,0.059131605163207195,0.232276095177288,0.20858883175919116
31,6.419456540407875,0.25103819281136874,0.05095957546709211,0.19778108662217794,0.059168821389342964,0.2327336976428006,0.20831862606721754
32,6.443767022791598,0.2508144567737844,0.05071088498828908,0.19799585499455027,0.05920169059505685,0.23325303772236666,0.20802407492595265
33,4.258577358931294,0.25068344640768103,0.050578115426621266,0.198113949431282,0.05924328387776249,0.2335294512624375,0.2078517535942158
34,5.644279003950458,0.2504864403265529,0.05036337639964501,0.198316079502559,0.05927835376524318,0.23395972036633542,0.20759602963966445
35,4.219648288495605,0.2503571175871361,0.05022301422681255,0.19844102591049453,0.05931947378124059,0.23424126136551252,0.2074181071288038
36,5.248278884331762,0.25019749070416303,0.05004599705024582,0.19859068621906434,0.059368087279699173,0.23459467938589762,0.20720305936093014
37,6.208631344356087,0.2500228552432536,0.05,0.19876460037238555,0.05941045930874696,0.23501335807872184,0.20695378432844505
38,4.303152385196089,0.24984301404603196,0.05,0.19888307314873288,0.05941078479095141,0.23532423570735503,0.20672854794071668
39,4.0469806208451375,0.24964842207886442,0.05,0.19901372455109556,0.05940086143845584,0.2356379927746332,0.20649636200485844
40,3.7922887474797116,0.24947183448967458,0.05,0.19911628181354224,0.05940273022469753,0.23590535512064945,0.2062830239695241
41,4.079268848698839,0.24931091396198618,0.05,0.1992143841868193,0.05940023772916751,0.23617553684852735,0.20607404693035333
42,4.102147785065748,0.24914706347126678,0.05,0.19930714463843804,0.05938959694224082,0.23646817957876629,0.20586428343971847
43,4.084368159613481,0.24895493891001017,0.05,0.19943687089324807,0.0593723223858985,0.2368154839859814,0.20562572833874132
44,4.930234931318981,0.24879976673629817,0.05,0.19952469224637176,0.05938043855263723,0.23705784232396232,0.2054149279717477
45,5.383925530201615,0.24861903014141035,0.05,0.199665067232899,0.05938052948804319,0.23740402767122012,0.20515661344810812
46,4.164479244078637,0.248474595971767,0.05,0.19972445132042163,0.05938166167315465,0.2375993832786106,0.20497210358646722
47,5.867405659078142,0.24829755054207628,0.05,0.19984061865750563,0.05940172898281891,0.23793948776427762,0.2047300670949096
48,4.155267012692447,0.2481278505277815,0.05,0.1999500610169055,0.059390870302262644,0.23821509338642857,0.2045071176236685
49,4.358102797269128,0.24795022880989515,0.05,0.20005336812046395,0.05938989618522217,0.23851011524996543,0.20428584476063713
50,4.409678427591263,0.24780610139350157,0.05,0.2001140769700283,0.05939979623107673,0.23875797050151423,0.20408812665342152
51,4.325846867899014,0.2476576710638895,0.05,0.2001903828442052,0.059406467408655586,0.23901659467071376,0.20389275810775814
52,4.2403383155016545,0.24752528779477273,0.05,0.2002498714785384,0.05941647643726323,0.23924315053604184,0.20371331099158035
53,5.250187435663528,0.24734256061054175,0.05,0.20038320387989686,0.05940451526886505,0.23961650479321922,0.20346757508152907
54,4.662550200535728,0.24717492169442754,0.05,0.20048928122101384,0.059389310537060216,0.2399029733121599,0.2032399539960767
55,4.40148472820552,0.24701638509757776,0.05,0.20058470275196946,0.05938357847727956,0.24017451153675048,0.20302486384420507
56,5.599515493189547,0.24681287581799632,0.05,0.20071447322511923,0.05938263840408238,0.24054750787515133,0.20276816016045987
57,6.616511310571836,0.24660605194336754,0.05,0.2008303705655596,0.05937837384491265,0.24093485506922344,0.2024937543020628
58,5.163066160012142,0.2464046632212471,0.05,0.20095494332547623,0.05935896141471851,0.24128491624939596,0.20222972943552514
59,4.4129698196269835,0.24623440696636378,0.05,0.2010451333377782,0.05934559778731057,0.2415671834207636,0.20200336524774737
60,5.330443945618733,0.2460482910393374,0.05,0.20116418068444525,0.05933934798804185,0.24189882567176405,0.20176103933251874
61,6.637054340839885,0.24584508551281162,0.05,0.20130559081502417,0.05934492993493289,0.24227820269360864,0.2014783097449062
62,4.1582007891955,0.24567117725572454,0.05,0.20139707360824305,0.05932609837802114,0.24254678589184775,0.20125336702195099
63,4.758017535897248,0.2455215604957211,0.05,0.20146959945862,0.05933719701119512,0.24280222160745538,0.20104619894323802
64,5.6723684463328095,0.24532091178231938,0.05,0.20162653129684127,0.059325531055662246,0.2432012534096824,0.20077080625881924
65,4.545799556079772,0.24514755773225974,0.05,0.20171275591739718,0.05931530160691534,0.2434611038387046,0.20055191525738494
66,5.553467211599098,0.24497983888266583,0.05,0.20181533787136594,0.059319260110003005,0.2437668044721923,0.20032022795069823
67,4.12765441655271,0.2448222080017228,0.05,0.20189289026246532,0.05931159085176935,0.24403412046376818,0.2001146415516329
68,4.39119312423834,0.244653180849309,0.05,0.201982380955042,0.05931668011904149,0.24433456178969215,0.19989887437398735
69,5.23999355458845,0.2444643050999823,0.05,0.20211106830059875,0.05929825048516941,0.24472510332054137,0.19963504893526576
70,4.640223104804426,0.2443023940979841,0.05,0.2021836598255387,0.05929262895152405,0.2449820174718177,0.19942218483302193
71,5.720401907309773,0.24407636285583925,0.05,0.20235373785737465,0.05927017851868099,0.24543900359984966,0.19912647975463774
72,5.4585889564803605,0.24387069748324997,0.05,0.20246996121777136,0.05925760168945328,0.24578144933709187,0.19885844884398188
73,5.415225303370606,0.24366366012419327,0.05,0.20260802730966482,0.059235949182032115,0.2461465977274347,0.1985872009213958
74,5.41906594405169,0.24343075904545208,0.05,0.20276590791426063,0.05921332397873452,0.24655908765960013,0.1982941843114082
75,4.560736794972323,0.24325092443200105,0.05,0.20285479243883056,0.059198336778582945,0.24683155109086044,0.19806444743625043
76,5.3096605093832485,0.24305521009302433,0.05,0.2029981800974654,0.05919129277203752,0.24720745654583134,0.19779133416669817
77,5.4724511715750985,0.24286994126839215,0.05,0.203098919842648,0.059195353469953915,0.2475061017322317,0.1975457181797871
78,4.85976386698995,0.24269714198692938,0.05,0.20320115990640503,0.059201234761055384,0.24778077181923838,0.1973179412310542
79,3.701914472264568,0.2425460535405703,0.05,0.20327035543556934,0.05919726396517929,0.24801905650850287,0.19712786801814178
80,5.298283117435935,0.24234558734605188,0.05,0.2034191125053348,0.059191965561316486,0.2484026670143409,0.19686954737074955
81,4.794246716500932,0.24215484111756022,0.05,0.2035253145383863,0.05918212513003045,0.24871892971259754,0.19662947550787177
82,4.033081816363302,0.24200185538499225,0.05,0.20359423681548627,0.05917983814757665,0.24896129932198827,0.1964314556374105
83,4.114922424099391,0.2418479078348941,0.05,0.203669830046112,0.05918546037062436,0.24922350769474952,0.19623772784183202
84,4.7312848389419155,0.2416703769846928,0.05,0.20379121216873794,0.05917432353461958,0.249560961418128,0.19600579918625807
85,4.377325665986069,0.24151567182399217,0.05,0.20386161163844188,0.05917901706103915,0.24980770961765086,0.19580629086608428
86,5.596714258565356,0.24131237934608255,0.05,0.2039954334631657,0.05916887847104213,0.25021934175134564,0.1955405447874686
87,5.297534545211201,0.2411370366005449,0.05,0.2040838501382735,0.05917001591619666,0.2505178509587882,0.19530133871281283
88,5.276927715523101,0.24095738323620464,0.05,0.20418568273565169,0.059178305088930246,0.25082696682557115,0.19506196782260798
89,5.549678147699115,0.2407520808972429,0.05,0.20431918678014693,0.05917277103017294,0.2512036387872161,0.19479263668278726
90,6.105631161131487,0.2405291758263279,0.05,0.20444819289821028,0.059170650328882336,0.2516005730206985,0.19450754087058017
91,5.370147942656623,0.24036144210999297,0.05,0.20451164079779563,0.05918331102367152,0.2518618325955669,0.1942802048021143
92,5.431438398044344,0.2401668832890664,0.05,0.20466039236452982,0.0591783003002356,0.25221052153682694,0.19401762416213897
93,4.211982761454431,0.23999817147605496,0.05,0.20474796929605765,0.0591682050457185,0.25246500163351066,0.193804735601281
94,5.525644916522926,0.2398119691491762,0.05,0.20487426322074576,0.059176063928588915,0.25280245056809536,0.19355561276937625
95,4.429659953950523,0.23962997002378136,0.05,0.20497844256804754,0.0591650712497342,0.25309455517771234,0.19332943051817297
96,5.017670077365929,0.23944795427268956,0.05,0.20509318689647527,0.059164281882073025,0.2534152959779268,0.19309002202246586
97,5.030226950402213,0.2392812809906805,0.05,0.205185851478873,0.0591736979641744,0.25368125409744396,0.19286965907679782
98,4.326221483743231,0.23911787895998932,0.05,0.2052875187387395,0.05917066546180222,0.25396046869377353,0.19265227613324865
99,5.019763326029646,0.23892902690293272,0.05,0.2054029764090336,0.059165772664055157,0.25431231747697985,0.1924068255939146
100,4.850428459563613,0.2387448915038976,0.05,0.20551351869124454,0.05915767780147155,0.2546262524730026,0.1921680014457739
101,4.033084832045957,0.23858364773768911,0.05,0.20559160707478547,0.05914415562867906,0.2548836677037843,0.19196824453695008
102,4.737282563683291,0.23842305082650242,0.05,0.2056917301680438,0.05914398429821265,0.25518112941786136,0.19174997776981081
103,4.812368852527992,0.2382582388529286,0.05,0.2057823906662641,0.059144031763666734,0.2554799798048203,0.19152849306204822
104,6.020900587103641,0.23806311238194225,0.05,0.20589980099118377,0.05914941184784416,0.2558495791483244,0.19126914119234997
105,4.864927232296202,0.23787256705857776,0.05,0.2060098083690487,0.05913330802024886,0.2561907538426493,0.19101722481677905
106,5.139552299763488,0.23767652132224598,0.05,0.20612100557223043,0.05912471100792937,0.25655107576871783,0.1907578536486495
107,4.771324402286248,0.2375121936007392,0.05,0.20619689190623203,0.05912580016021487,0.25681758768092017,0.1905386142057008
108,5.3972496443449645,0.23732642948126426,0.05,0.20631826312161877,0.059119081888580796,0.2571562586084623,0.19029523653351854
109,5.01555094180113,0.23715423275160902,0.05,0.20641228776589565,0.0591201949764464,0.25745785133599874,0.190061305200535
110,3.159245188752343,0.23704408798737364,0.05,0.20643056772946497,0.05912922266852821,0.2575736383146701,0.18992788805234723
111,4.360015295463857,0.23690355245617417,0.05,0.20651515535043366,0.05914029363592339,0.2578577036665787,0.18974159859880593
112,4.1849390597523835,0.23676079823190538,0.05,0.20659457712694096,0.059144500486544134,0.25809976479986074,0.18955700474701775
113,4.696617248887859,0.23660891057981748,0.05,0.2066778281430497,0.05914690481926343,0.2583959977590248,0.18934972595385127
114,5.076936515924875,0.23643415443976074,0.05,0.20678334315189845,0.05914228989082894,0.25871821730812555,0.18912192554424617
115,3.9978863236689093,0.23629052038087728,0.05,0.20685862173473257,0.059136119735555596,0.2589356291981291,0.18893660501082743
116,5.631944243309484,0.23611275097334117,0.05,0.20697365318021316,0.05914434459683396,0.25928778468628666,0.18869514207236476
117,4.288387932618079,0.23596729863202554,0.05,0.20705151941791664,0.05913678788407844,0.2595224864935105,0.188494655272287
118,3.7334422278927724,0.23583459215318922,0.05,0.2071028625999699,0.05914558557411981,0.25973390479087743,0.18832500558443727
119,5.16395498478036,0.2356890740377221,0.05,0.20720426627157804,0.05914745133377439,0.2600082395206025,0.18812415467758709
120,4.412848216821975,0.23555251970644675,0.05,0.2072654116113723,0.05915687319571842,0.2602438066141265,0.18793895933542765
121,4.342991273431504,0.2354014467026686,0.05,0.20735768536956722,0.059151528491205176,0.2605193901128712,0.18774066041259121
122,4.936927466777383,0.23526452499605083,0.05,0.20742084913484332,0.05916603574409893,0.2607559073985792,0.18755289748334397
123,5.130700461701233,0.23510652554816508,0.05,0.20752236964956886,0.059161604850231274,0.2610621723125927,0.1873363572530024
124,4.9902225544379215,0.2349485257614063,0.05,0.2076167773472357,0.05916204984689348,0.26136070840208464,0.18711041429607084
125,4.261937538902646,0.2347984217636779,0.05,0.20770066428483736,0.059143680418119855,0.26161867298270036,0.18691077637009515
126,5.800602439373278,0.23460638809461343,0.05,0.2078245250608633,0.059151557409250384,0.26197591958079974,0.1866625020206873
127,5.892391233223459,0.23442747393289914,0.05,0.20792683417595662,0.059147981617566354,0.26229777265213444,0.1864175535586624
128,5.635159049936357,0.23424997002724673,0.05,0.208025458464545,0.05915452348134679,0.2626049879584092,0.18617766504800196
129,5.5136166094824715,0.23405688057885454,0.05,0.20815254691073481,0.059147465666081527,0.26294694301191207,0.18592329666488694
130,4.197152535910741,0.2339265697490001,0.05,0.20819648495234855,0.05915273183676996,0.2631396171863398,0.18574035413485468
131,5.608859662769723,0.23373477442114704,0.05,0.20834462691799524,0.05914563840156635,0.2635327062798456,0.18547773001486018
132,4.87828764723307,0.23352262845423408,0.05,0.20848363499871492,0.05911206796965513,0.26392090249182376,0.18520570027188502
133,5.560847158683412,0.2333156409937327,0.05,0.20860611446308652,0.05910581282160879,0.2642739802125852,0.18493855531529
134,5.011535009112221,0.23311412625551986,0.05,0.20872660997990103,0.05909153948466031,0.2646159856510913,0.18468165311245432
135,5.493497183426316,0.23289740941679682,0.05,0.20886285136395547,0.05907849891691029,0.2650135879552068,0.18440118456057314
136,5.383262894386921,0.232682957317676,0.05,0.20898044750923017,0.05907638413374643,0.26536609261954675,0.18413421136844255
137,4.0630124029274715,0.23251568197738878,0.05,0.2090550359632487,0.05906676404055796,0.26562633048886986,0.1839217860258835
138,5.669118240566292,0.2323116501317332,0.05,0.20919457362394236,0.05906910048519163,0.26603932391825386,0.1836401767521195
139,4.709226067879787,0.2321398272651276,0.05,0.20927055751990187,0.059074449668985174,0.26630459360862047,0.1834120103251902
140,4.579057295519715,0.23197344025322988,0.05,0.20936687146592822,0.05907676435052084,0.26659789702111997,0.18318517741455256
141,5.180195007428591,0.23177421484952776,0.05,0.2095003645073131,0.0590780425084024,0.26692590356695506,0.18294000747185732
142,4.367655724683172,0.23160052823107566,0.05,0.20960637649683683,0.059072941727957566,0.2672020997504117,0.18271573663087207
143,5.856568234144064,0.2313965900850927,0.05,0.20975663902196232,0.05907857242564725,0.26758103836360003,0.1824381767922644
144,3.7859360185701543,0.23124049177974268,0.05,0.2098140762228232,0.059066838912582596,0.26780528481650445,0.1822424987118646
145,5.2126624845578275,0.23104831631602882,0.05,0.20993550790370094,0.0590731443006219,0.2681531278712435,0.1820029769093503
146,3.1561416296013904,0.23090951729759393,0.05,0.20997868083598867,0.05906499730117612,0.268341444450069,0.18184096821409013
147,4.830381033607932,0.23074196246854495,0.05,0.2100971212761567,0.059067734156853194,0.26866295964915726,0.1816224112342261
148,5.323079158011766,0.23057736792652453,0.05,0.2101950562339228,0.059068045692643144,0.2689584187305459,0.18139859908356779
149,3.8591118818043895,0.23042519742450582,0.05,0.21028401026904434,0.05906012548091385,0.26919922786747885,0.18120187916051292
150,5.562749425981886,0.2302367877226826,0.05,0.210403949783171,0.05906524083615283,0.2695631863384223,0.18095323705164063
151,4.424117228980509,0.23005773412216388,0.05,0.21050968141878487,0.059045884907884996,0.26987332149176185,0.18072021223147425
152,4.845518772486598,0.22988581622007084,0.05,0.2105907392472172,0.05905075591199228,0.27016999598316965,0.18049838041296967
153,3.851561029745013,0.22973122214761985,0.05,0.2106633592629822,0.05905011115262656,0.27041514249408843,0.18030622283956163
154,4.616380742979268,0.2295491202131029,0.05,0.21078495266491748,0.05904449090250143,0.2707646272925859,0.18006848526070532
155,5.080684742762867,0.22937578096585393,0.05,0.21089527708044314,0.05904967487376142,0.27107628295353714,0.17982272784480532
156,5.411685289989333,0.22919221793952838,0.05,0.21101134984593561,0.0590504697925106,0.2713858136149989,0.17957845605292677
157,4.787155987179554,0.22901689259187102,0.05,0.21112572045144157,0.059051540241026615,0.27166555147563465,0.179346417800712
158,5.915096203002829,0.22882909827452133,0.05,0.2112482817239442,0.05905777911117684,0.2720082860186066,0.17908855169428248
159,4.880466620432386,0.22864115303321325,0.05,0.2113549152054167,0.05905666154118888,0.2723155278269477,0.17884723818846526
160,4.485888343264387,0.22848768415042559,0.05,0.21142891500626146,0.059047298575892485,0.2725760709605599,0.1786407500237467
161,5.773729607691516,0.22829377306141518,0.05,0.2115547327660227,0.059044926677332694,0.2729393747528204,0.17839110730796642
162,5.580457443060226,0.22808596474767034,0.05,0.21169847858690904,0.059038381479297485,0.2733306180920462,0.17810599309019673
163,3.979946700255908,0.22793880495783092,0.05,0.21174494093531698,0.059034177236052796,0.273534249571478,0.17791409959539337
164,5.523989233041285,0.22773198011357423,0.05,0.21190384399250728,0.059020507045710185,0.2739562451624996,0.1776379702305204
165,5.367184288414259,0.2275384909291911,0.05,0.21199604163644767,0.05902258186163648,0.2742745552522979,0.17739038647839234
166,5.408625470318928,0.22731978939023748,0.05,0.2121383713292442,0.05901265560348959,0.2746684090012024,0.17711284153840898
167,4.540505962283743,0.22716244119792967,0.05,0.21220981437871864,0.05901040095768205,0.2749069488864016,0.17689890677464748
168,5.646438854313347,0.22697632388660985,0.05,0.2123234859225633,0.0590162747814758,0.2752588951679264,0.1766492736173181
169,4.767597992876347,0.22680330833378326,0.05,0.21241027958396705,0.05902262023582115,0.27553562609042503,0.1764260547592693
170,5.439617437817604,0.22660260332989443,0.05,0.21253892178059908,0.05901530193783762,0.27590668778300065,0.17616862735846292
171,4.427547362788375,0.22644852824813053,0.05,0.21261321956798274,0.05900780479558057,0.2761487913399638,0.17596252484064592
172,4.324329865560559,0.2262989173678726,0.05,0.21269770666422017,0.05901197015243519,0.2763926984281014,0.17576801986150645
173,5.399782911162608,0.22614220972306487,0.05,0.21279805681785868,0.05902016357614235,0.2767046384906852,0.1755388988248722
174,4.90890584229255,0.22596494072152915,0.05,0.21290705844567265,0.059017786151748595,0.27700632243288864,0.1753088416466186
175,5.568714325661578,0.225777434751588,0.05,0.21301960017359584,0.05901949774652527,0.27733870620332196,0.17506427050161397
176,5.727682058599452,0.22558037096467254,0.05,0.2131475817621973,0.0590121249414833,0.2777148495003445,0.17479216523939425
177,3.9755854232372214,0.22543121370542893,0.05,0.2131931846116461,0.05899973517544151,0.2779342207766981,0.1746044262685577
178,5.466008520571928,0.2252487376935224,0.05,0.21331025453415425,0.059005098483569586,0.27828153338240286,0.17436694064481767
179,3.645178631333598,0.22509295273071242,0.05,0.21339066906913645,0.058979731954648264,0.2785480589736865,0.1741653272642467
180,4.019187707913307,0.22491638933326627,0.05,0.21351390387111566,0.058959830238561654,0.27886082230531384,0.17394477422526247
181,3.499525652842059,0.2247925098014879,0.05,0.21356344720366183,0.058954341261664205,0.2790491435848409,0.17378027170937715
182,6.437049523231169,0.22461124848082395,0.05,0.2137060511151521,0.05896695240892021,0.27943625782704523,0.17351750291154022
183,5.340486849962108,0.2244282887115065,0.05,0.21380344798894965,0.05896940809354477,0.2797466325614203,0.17327251102776353
184,4.585232161350867,0.2242743576875865,0.05,0.21387942099595847,0.058973107405140585,0.280003965282093,0.17305850257738614
185,4.364592136634656,0.22410552925292176,0.05,0.21396729200969528,0.0589690984553194,0.2802972331074375,0.1728473690257454
186,5.1230708321593985,0.22392693191771615,0.05,0.2140623265442587,0.0589677502807473,0.28063441136787654,0.17261568972066776
187,4.452758294068361,0.22374660862724816,0.05,0.21415959912658664,0.05895024866853428,0.28095376355241114,0.1723904733039694
188,5.183334118716593,0.2235949356098703,0.05,0.21422723883673966,0.05896098665661701,0.2812046206155369,0.17218910674527013
189,4.732912932209656,0.22343640339599122,0.05,0.21431986266780012,0.05895602890646282,0.2815013965844668,0.17197548868459822
190,5.254528999204743,0.22325045404149582,0.05,0.2144403594317282,0.058955789471924216,0.28182695926854967,0.17173876568657986
191,6.0174481868122855,0.22305036546995693,0.05,0.2145664460823614,0.05896383858910432,0.2821961704889609,0.1714687986515277
192,4.845136835830113,0.22286494136371407,0.05,0.21465964056451298,0.05895487342380677,0.2825043371287062,0.17123035620552737
193,4.602349490603472,0.2226821246636911,0.05,0.21475610378474486,0.05894916640292609,0.28281549069811956,0.1710016122924013
194,4.649175390300816,0.22251600714901582,0.05,0.21483917199044372,0.05894658098307855,0.2831064652801983,0.1707845932836023
195,4.608539107487781,0.22232923999591334,0.05,0.21495460482914555,0.05892857079153098,0.28344122239306,0.170553399177647
196,4.796182143827966,0.22215126735455507,0.05,0.21505984249122828,0.05892021378110473,0.28375472554175696,0.17032161966458245
197,3.7122822598291223,0.22200367026728246,0.05,0.21514443555371973,0.058898889918517765,0.28400039508304925,0.1701250822590397
198,4.5582622230190255,0.22184644337375095,0.05,0.21522546674860285,0.0589006569786544,0.28428332354418234,0.16992258329869814
199,4.480353143019963,0.22170826814869385,0.05,0.21529361769942737,0.0589099244105064,0.284503455669586,0.16974166642691196
200,4.702609617956344,0.22155029871272355,0.05,0.21539646658504666,0.05890395232871518,0.28480420453533156,0.16953139796590444
201,5.32370816868302,0.2213411948359008,0.05,0.21554186598591432,0.05887783685544348,0.28522517105333683,0.1692607114778575
202,3.2580918115196527,0.22122054070245648,0.05,0.21556769226269606,0.058867131443588856,0.28537296133713647,0.16910426679484183
203,4.4848353447358305,0.22107976218403133,0.05,0.21565643402154575,0.05887252996404987,0.2856430462460296,0.16891433676291295
204,6.159031406974005,0.2208860452218722,0.05,0.21578434452369888,0.05886977113667851,0.286046954638895,0.16865171918720756
205,4.893649544501275,0.2206866092269204,0.05,0.2158928768699999,0.05885510437205226,0.28639036704721765,0.16840151566358977
206,4.99706319646865,0.2205185696565561,0.05,0.2159782261978995,0.05885793674570013,0.2866823525635693,0.16817037509836585
207,4.941967647656937,0.22033741081708882,0.05,0.21607959494457216,0.058850179809595,0.2870117315026842,0.16793391197470287
208,5.854762288266875,0.22014999522799045,0.05,0.21620209547868688,0.05884054751862396,0.28736847440468644,0.16767460628115988
209,4.374392482731691,0.21998857918518813,0.05,0.2162862206885235,0.058830634323150464,0.28761522454885424,0.16746520630709355
210,4.698081186543273,0.2198388285120132,0.05,0.21636126915325857,0.05883858136665369,0.2878719928893231,0.1672655206722917
211,5.451749377423039,0.2196442434509797,0.05,0.21649648471631788,0.058839378018157175,0.28823353288530307,0.16701421424869964
212,6.370136433057981,0.21943909349161078,0.05,0.21661489005793494,0.05884205086934531,0.2886401662793086,0.16672730535382507
213,3.7695103006224353,0.21929212256293992,0.05,0.2166712596139002,0.05882562819559622,0.2888456941683316,0.16653462767599309
214,4.131016815020235,0.2191457391290404,0.05,0.2167432264184477,0.05883434366571546,0.28910334843041013,0.1663423315534221
215,4.672488080195726,0.21899480278233613,0.05,0.21682854930288706,0.058837197253415366,0.2893953113154742,0.1661316012164993
216,6.65346085383755,0.21879544789181615,0.05,0.21695566283910883,0.058854714094517674,0.28978432324295866,0.16585911341392726
217,5.523514875160157,0.21857658890605852,0.05,0.217090626405491,0.05883850728638331,0.29018725181417054,0.1655714835895705
218,6.282517329110168,0.21836306066417502,0.05,0.21720331357004694,0.058838863648172646,0.2905873286179572,0.1652779013962504
219,4.160330890281131,0.2181860907323902,0.05,0.21728635410050806,0.05882101594657968,0.29086069532353764,0.1650503448564778
220,4.973400598038835,0.21800218187578266,0.05,0.2173889394710057,0.058829232205763866,0.2911790978778384,0.16481394167855784
221,4.763672705954153,0.2178467642779641,0.05,0.21746557116985082,0.0588301713005588,0.29142959333575874,0.16460943940304476
222,4.642804104556174,0.21768509715039003,0.05,0.21755157239938522,0.058834481489571655,0.2917291919657414,0.1643930872550379
223,5.007626736569308,0.21751352332796817,0.05,0.21764140149238273,0.05883642546123707,0.2920541021583002,0.16416237809884934
224,6.1844545763764875,0.2173194797688253,0.05,0.21776875678814606,0.05883869916787902,0.2924402256087987,0.16388619214479025
225,4.623221326892482,0.21713114690291163,0.05,0.21785942364601232,0.05882588783504168,0.29275184397480886,0.16364755627379338
226,4.112505201502337,0.21696728087347308,0.05,0.21793452805028107,0.05882575291876566,0.29301230709072434,0.1634424789146472
227,4.822097034854583,0.2168022872430013,0.05,0.21804681780153057,0.058828297582272024,0.2932932900832526,0.16322454885440385
228,5.361160155830091,0.21661890739056386,0.05,0.21816094811737402,0.05882190859066048,0.293654536096818,0.16297280187460825
229,4.623917373776578,0.2164540355778003,0.05,0.21824299448495832,0.05881502639025144,0.2939378663489261,0.16275014225614853
230,5.783196064896413,0.21621301616441568,0.05,0.21842944526539476,0.058789955904398956,0.2944242474738669,0.16243546370981052
231,4.7441031285016235,0.2160190454008419,0.05,0.21851189562467657,0.058777588323084086,0.2947350077787487,0.16218471974485868
232,6.539343110477801,0.21577877090175474,0.05,0.2186731988222536,0.05877118536512155,0.2951958368088072,0.1618716454514863
233,4.50586138502291,0.21557064085017208,0.05,0.2187824931708819,0.058748674573972835,0.29551325145793267,0.16161710553471825
234,4.073920506813619,0.21540235046059944,0.05,0.21887141297049278,0.05874033728967256,0.29576814762617265,0.16140626688333695
235,5.133635290368091,0.21522294579349194,0.05,0.2189941650427897,0.05874672133252303,0.2960920202272114,0.16116406661697202
236,5.922461942477684,0.2150083367531673,0.05,0.21914040303798343,0.05874394736894139,0.2964867668345681,0.16088118990449424
237,3.182452480706044,0.21486349384774514,0.05,0.2191903065684723,0.05873290201120183,0.2966651924305847,0.16070355940425468
238,5.514000323643682,0.21467849183869267,0.05,0.2193214226284727,0.05874816030298347,0.29703187129607894,0.160450736313073
239,3.8530252868676294,0.21452497321769662,0.05,0.21938041865387334,0.0587433297359692,0.29725348074814634,0.16026322190506243
240,4.0835376940230095,0.21437427692013927,0.05,0.21946588708364087,0.05874737376774562,0.2975091036010365,0.16007226394405952
241,5.937653644717963,0.21419153310753053,0.05,0.21959125933041151,0.05875477444878002,0.29788389757269057,0.159814392515929
242,5.180499010652807,0.21400937350465007,0.05,0.219695811351771,0.058741903997719745,0.2982052541328026,0.15957004332524125
243,6.464685286320948,0.21375313903029017,0.05,0.21989092782687344,0.05872426869032876,0.29872260063045897,0.15922859656931246
244,4.264625287210693,0.2135770201171868,0.05,0.21995137706623333,0.05870603153311837,0.2989559331987323,0.15900819446736386
245,4.297375154211969,0.21344002814205226,0.05,0.22000867166899024,0.05871570632487767,0.2991871490839777,0.15881741880428624
246,4.39823959771956,0.21326553564189607,0.05,0.22013113934538556,0.058704610276526695,0.2995087866208213,0.15859279171794788
247,5.334413297058498,0.21310850169144757,0.05,0.22021015260547963,0.058723786969624485,0.29976993201885743,0.15837934993709762
248,5.488156569112388,0.2129274391260178,0.05,0.22031408943459405,0.05872798112632578,0.30010618811378137,0.15814098813319558
249,3.75770624972805,0.21275461174062524,0.05,0.22041569503054165,0.05870987716571338,0.3003911847946087,0.15792399560204
250,4.24257535879828,0.21260268422302667,0.05,0.22049952553380892,0.05870944053235329,0.3006360916338226,0.15772733443995401
251,5.470893580679831,0.21240782156498733,0.05,0.22063085753866302,0.05871160865000801,0.3009992493484365,0.15747812593548552
252,6.5228128606431595,0.21216559449437558,0.05,0.2207901596843336,0.05870607243725385,0.3014608320291328,0.15716698583260127
253,5.570441687472987,0.2119478125409081,0.05,0.22090175383440722,0.058700294752589914,0.30182809894621204,0.15688379618065876
254,4.923362271823284,0.21176894858377757,0.05,0.2209827329172389,0.05869679727520987,0.30212500599470193,0.1566444673252472
255,3.388576479891321,0.21162812168163175,0.05,0.22103014482804725,0.058698191728556046,0.30232878313499556,0.15646894852927581
256,5.7580947001589635,0.2114490271524751,0.05,0.2211434695141005,0.0587129425085898,0.30269854384949485,0.15622183585745486
257,5.3475738766832,0.21125415095269715,0.05,0.2212476137397272,0.05871060940413235,0.3030432300152392,0.1559724936892437
258,3.842214700785396,0.21110449616637364,0.05,0.22130798189337106,0.058702253007348965,0.3032778458985102,0.155779361112451
259,5.312931647771422,0.21091674231479984,0.05,0.22143750542228563,0.058700430336400725,0.30364103924810887,0.15553124395931675
260,4.623404373580926,0.2107276912934587,0.05,0.22153771934442698,0.05868783772560053,0.3039587241655552,0.1552990825907418
261,4.046793350951865,0.21056570321680634,0.05,0.2216172175198215,0.05867993950254715,0.3042255239218321,0.15509481930660832
262,5.076239190151822,0.210393848493141,0.05,0.22172680536786868,0.058677464577144955,0.3045500089163829,0.1548628364941047
263,4.833125880268801,0.2102145694459993,0.05,0.22183912740810863,0.05866395421352901,0.3048666208170999,0.15462879602103452
264,3.858228737103926,0.2100736472888879,0.05,0.2218989700523623,0.05865961239623817,0.3050840577379986,0.15444579139317163
265,5.533036927612841,0.20990274589391608,0.05,0.22200200980252177,0.05866678591064804,0.30542971825115306,0.15421182118832705
266,5.0525930428759125,0.20973646896590895,0.05,0.2220863112530396,0.058679026873088715,0.3056949383354561,0.153997116698298
267,5.078141329594626,0.20956042848129025,0.05,0.2221922923489434,0.05867775931553621,0.3060136814864832,0.15376607782135265
268,6.141940734368686,0.20937316437764958,0.05,0.22230338136300662,0.05867937884080092,0.3063694653268779,0.15350996734872663
269,5.372600346134569,0.20919214597719615,0.05,0.22240570464424708,0.05867351614377797,0.30668309882672545,0.1532673998816551
270,5.333651954107079,0.2090007499324121,0.05,0.22251429740705908,0.05867325585028035,0.3070074192790642,0.1530255119664315
271,4.57618662378313,0.20883255225997333,0.05,0.22261015410833188,0.05866424482031362,0.3072901969765101,0.15280387934945458
272,5.548934762410116,0.20867162319309243,0.05,0.22271292039817703,0.0586767824141883,0.3075842280380138,0.15256888226505655
273,4.394024497758425,0.2084747289977596,0.05,0.22284429939760284,0.058652481529348155,0.3079144807262629,0.15233118891881506
274,5.461672189887664,0.20826871903139343,0.05,0.22298033506240786,0.058646159999138914,0.30829354572237044,0.15206098143286031
275,7.293467323317686,0.20803450076495192,0.05,0.22315138668241882,0.05863848215598273,0.3087509630970939,0.15173261826806314
276,6.250192158437167,0.2077915386942748,0.05,0.2232979070777667,0.05862310435963515,0.3091692078636031,0.15141525687456484
277,4.787762471524648,0.20758873771135763,0.05,0.22340008202871633,0.05860881276493875,0.3094722205265252,0.15116256039582596
278,4.761061988132607,0.20740144373431524,0.05,0.22350441126388862,0.058602682962532265,0.3097917807296405,0.15092100459668512
279,5.981343820069704,0.20716428831492853,0.05,0.22367619068295214,0.058602702805729975,0.3102187798066654,0.15061942939274484
280,5.83791214660743,0.2069554237230488,0.05,0.22379847114086796,0.058594397358579686,0.310570915293595,0.15034004899538747
281,5.776575093700003,0.20674918826764072,0.05,0.2239169977841785,0.05859416586923492,0.3109242385320436,0.15006769526624533
282,5.4202257843601505,0.2065305538434196,0.05,0.22405678301926732,0.058597511333973715,0.3112837424872903,0.14978954552162058
283,4.358155055881121,0.20632712690750868,0.05,0.22417367640049224,0.05858135305953844,0.3115921806473578,0.14954762529880955
284,4.452344676416,0.20616733138031648,0.05,0.2242553200142883,0.058583750044601555,0.3118343561857171,0.14934347907441312
285,5.028456218897373,0.20600021850810782,0.05,0.2243781146559702,0.05858652546439666,0.31213567326510283,0.1491115392425103
286,4.109557754500931,0.2058471648888427,0.05,0.22445218085060317,0.05858341620663763,0.3123625832467683,0.14892318587090494
287,4.84097585091193,0.20565735541842572,0.05,0.2246323692725388,0.0585563722692831,0.31273462913141603,0.14866133757103353
288,4.423333916722069,0.20548914220938547,0.05,0.22472660908794073,0.05854875337078103,0.3129815757458199,0.14844776244479613
289,4.759792269985643,0.20530082113655443,0.05,0.2248672564434394,0.058539320438295364,0.31329443145266345,0.14821312171067724
290,5.869548653280096,0.20508084201816948,0.05,0.22503985420170403,0.05852725497906767,0.31370037369748066,0.14792257709495668
291,5.4472218709178195,0.20487861080380568,0.05,0.2251507612706277,0.05852005368997266,0.31404020190935106,0.14765668245289032
292,4.523974062545745,0.20470546421988087,0.05,0.2252427420971814,0.05850680588682989,0.3143097850814827,0.14743617691551245
293,4.7359275426329,0.2045467227732447,0.05,0.2253346574629775,0.058499967033890765,0.31460294057388,0.14721620091806817
294,3.8102127176633522,0.20440906509024065,0.05,0.2254058263675978,0.05849781351082202,0.3148168333360479,0.14703360968658807
295,5.490131728713626,0.20420707660122628,0.05,0.22555092556294362,0.05849193374290779,0.3152138646248621,0.1467752012163555
296,5.116706066810896,0.20402268756459865,0.05,0.22564422663785388,0.05848767369597623,0.31552762446425403,0.14653681690671477
297,5.263204941355712,0.2038279076793121,0.05,0.22576831632318256,0.058477441104862506,0.31587002459311997,0.1462869099214281
298,5.6439242449232285,0.20362883732869244,0.05,0.22590028474411433,0.058465660603781625,0.31623676897235303,0.14601805044525118
299,5.790601994203548,0.20342980071020672,0.05,0.22601998553970926,0.058467715268634715,0.31657863712067247,0.14575135409796947
300,3.7348352877412103,0.20328579733694363,0.05,0.22608981943385698,0.05845307233992758,0.3167673571908577,0.14556807876278194
301,4.73031612244111,0.20311379326991827,0.05,0.226218134858157,0.05844003009409683,0.31710483132261,0.14533608780112361
302,5.286815946585007,0.20290439243507194,0.05,0.22638102081510628,0.05843340640310445,0.31747461319456716,0.14506179386785678
303,4.693355321891931,0.20276212624900758,0.05,0.22642921858673645,0.05843714544128817,0.3176799372095904,0.14486717701123025
304,5.0168178601397635,0.2025902231037649,0.05,0.22656559618039535,0.05843936062033327,0.3179894025426093,0.14463181056436256
305,4.3400999961289894,0.20242806899118423,0.05,0.22666876308260983,0.05844064652139564,0.31824200891015847,0.14441669834845078
306,4.756795039971611,0.2022421000836206,0.05,0.22679696857068823,0.05843022191111168,0.3185800066432791,0.1441742589000407
307,5.718126212044595,0.20202689040408497,0.05,0.2269346194957151,0.05842374265214535,0.31898520955906007,0.1438924809686276
308,4.9990283841811936,0.20183338571755866,0.05,0.22704490233554325,0.058409222393450706,0.31931494153709167,0.14363562524439483
309,5.610117869390901,0.20163224487612275,0.05,0.2271631169133999,0.05839850276152382,0.31967724820869076,0.14337289267980433
310,5.081105890617519,0.2014599862717255,0.05,0.22726559767035523,0.05839638432452613,0.3199607455750014,0.14313575212982999
311,4.108660095853852,0.20128328022356082,0.05,0.22737246528164648,0.05837910056111673,0.3202524919880446,0.14291489346251773
