round,reward,w0,w1,w2,w3,w4,w5
1,6.088047433255378,0.16655807337569228,0.1674037994429291,0.16652295036330117,0.16657662463512726,0.1664692760914751,0.1664692760914751
2,5.418244764443193,0.16644058761663189,0.16794781036175394,0.16644311474854684,0.16653541526950663,0.1663484351391623,0.16628463686439834
3,5.7783130312959425,0.1663063540610461,0.16842339936856926,0.16639724044086407,0.16652015151665628,0.16627300052345143,0.16607985408941286
4,5.492423917889815,0.16618383036817436,0.16879324974001267,0.16637647270355968,0.16651690782310063,0.16624190677226452,0.165887632592888
5,4.7955466148487655,0.16606511918161965,0.16904119735002476,0.1663954225668794,0.1665256876414315,0.16626981609625718,0.16570275716378757
6,6.510574934425759,0.16592238337173626,0.1693205580854894,0.1664205737528561,0.16652586874680772,0.1663338818031508,0.16547673423995962
7,4.13705889521218,0.16582673494356637,0.16945405499897975,0.16645239518427576,0.16653897114244165,0.16639749772396795,0.16533034600676852
8,5.566747654266417,0.16571002259625503,0.16958908322968538,0.16649230088175523,0.1665576419095764,0.166512825135441,0.16513812624728708
9,4.77255939335502,0.16559855811758165,0.16966124456458317,0.16655818120791543,0.16656893881398405,0.16664852245876977,0.16496455483716588
10,5.442363476096544,0.1654796653999816,0.16971193885209468,0.16661971235766718,0.16658859148931113,0.16682798055039477,0.16477211135055064
11,5.925415774442939,0.16535297567050888,0.16974279888718669,0.16668756312507507,0.16661980949583446,0.16702282806026816,0.16457402476112687
12,4.929107420081412,0.1652258872983344,0.1697219710808036,0.16679103230001893,0.1666358959210781,0.16724037257387328,0.16438484082589155
13,6.401451040276737,0.16506853610056346,0.16967904141405676,0.16690693846952073,0.16666462262862924,0.16752801097977754,0.16415285040745234
14,4.826051490911613,0.16495980097674387,0.16963056118206488,0.16698885191357998,0.16669015480138444,0.1677496637509604,0.16398096737526652
15,5.0406490359006,0.16482696764810284,0.16955538186399916,0.1670914660599879,0.1667177682160067,0.16801544129397322,0.1637929749179301
16,3.346648093069652,0.1647450854348897,0.16949933575928022,0.16715513489184852,0.1667360370107069,0.16819192264302693,0.16367248426024775
17,3.777936749909324,0.16464071386013635,0.16941336314560612,0.16725017641486992,0.16675005161410345,0.16842343422570638,0.16352226073957776
18,4.060815479376237,0.1645451934458975,0.1693242682250332,0.1673535947297186,0.16676783110094343,0.1686352614895978,0.1633738510088095
19,5.290392189492615,0.16443669690168014,0.16921185869107896,0.1674756840870928,0.1667849678122508,0.16889612155635855,0.16319467095153858
20,4.201984563787911,0.1643415854296997,0.16911160222899047,0.1675706322060517,0.16680875583341692,0.16911897499198741,0.16304844930985388
21,5.273779555648402,0.16423269084788708,0.16899013555696155,0.16767843712734956,0.16683340028737526,0.1693882383136824,0.1628770978667442
22,4.465983776845097,0.16412576716830476,0.1688600685185773,0.16779840697162587,0.166840474923575,0.16966540200934824,0.1627098804085687
23,5.00964309503428,0.16401973375629159,0.16872504574417935,0.16791042376360557,0.16686119375970673,0.16994455934765892,0.16253904362855787
24,5.858169149964653,0.16389030556592105,0.1685494240438996,0.16805540984188014,0.16687915786289195,0.170299037183178,0.16232666550222932
25,4.909557335105516,0.16376953811693046,0.1683931437708488,0.16817470540885923,0.1669030317597811,0.1706157477436478,0.16214383319993264
26,4.518358036854855,0.1636616557746115,0.16825398406773973,0.16827144212151018,0.16692163226214807,0.1709075194055002,0.16198376636849032
27,5.749100283701069,0.16351509858703775,0.1680532629904815,0.1684360600013208,0.16693195780001113,0.1713041803649736,0.16175944025617525
28,5.121950856293821,0.16337266919291454,0.16787092880390442,0.16857346797771305,0.16695385179254896,0.17166999862878632,0.16155908360413265
29,5.498132095933418,0.1632393276122917,0.16767925670223516,0.16872673501636873,0.16697347492063955,0.17203046945330017,0.1613507362951647
30,4.432815101815762,0.16315150535360182,0.1675458207924851,0.16881413457804587,0.16700383101196498,0.17227847754977088,0.16120623071413137
31,4.581285753630101,0.16305655990552842,0.1674014008520649,0.1689265991816349,0.16702196943768755,0.1725415455330997,0.16105192508998456
32,5.481165440097638,0.1629182336830752,0.16719379117369346,0.16908044342576456,0.1670253214409322,0.17294851778876777,0.16083369248776672
33,7.210820139290178,0.16271778411467838,0.16691969078718227,0.16928612227268486,0.16704151503443088,0.1734876376348993,0.16054725015612414
34,4.2329336315922905,0.16260590588002363,0.16675674176245497,0.16940789704808112,0.16706121689649034,0.17378961614856905,0.16037862226438088
35,4.245175697830298,0.16247605920585712,0.1665773512783199,0.16955660182028706,0.16706477804570735,0.17413085899487946,0.16019435065494925
36,4.347381197824599,0.16234264412987823,0.1663947118217383,0.16971370723770368,0.1670714212509691,0.1744700141370226,0.16000750142268813
37,4.643562411854703,0.16221801837729108,0.1662168266626238,0.1698577893415563,0.1670808374779315,0.17480066120266666,0.1598258669379307
38,6.279201613245447,0.16204195163274696,0.1659708612616494,0.17004494100039497,0.16709310753372833,0.17527389741285868,0.15957524115862162
39,3.8817989226358907,0.1619113333719212,0.1657917928996792,0.17019294386555264,0.16710213497170973,0.17560762230332896,0.1593941725878081
40,4.650778318973035,0.16179557179985354,0.16561476610940468,0.17032421253186356,0.16711288787518822,0.17593745274651865,0.15921510893717133
41,3.924450065513543,0.1616761998472593,0.16545003426520496,0.17045459683515654,0.16712099158679644,0.176248994096914,0.15904918336866877
42,4.058935359170032,0.1615720754921371,0.16529824916234928,0.17056943607017305,0.16713646964385645,0.1765272808380007,0.15889648879348328
43,4.933940940212651,0.16144839028892877,0.1651171813345162,0.1706950086782344,0.1671554857403392,0.17686954291417614,0.15871439104380533
44,3.89202584422867,0.1613431324374537,0.16496425252586128,0.1708128987705044,0.16716283063923298,0.17715574421272304,0.1585611414142246
45,6.150766005188891,0.16118802922979508,0.16472005835012918,0.170996187658915,0.16716126447379592,0.17761843810310587,0.158316022184259
46,5.709833268740213,0.1610401675044339,0.16448759263650253,0.17117262767425692,0.1671717959939841,0.17804476496942317,0.15808305122139948
47,5.856798680296163,0.16090332248101152,0.1642760982236119,0.17132370862746518,0.1671930309324774,0.17843257171485158,0.15787126802058254
48,6.2666623041684355,0.16074880563362745,0.1640517519939096,0.171474701949429,0.1672123223934029,0.17886567505319148,0.1576467429764396
49,4.449579631772815,0.1606321114636807,0.16388452527180528,0.17159374066440275,0.16722721574012803,0.17918251794073325,0.15747988891925
50,4.911432200428103,0.16052538351932147,0.16371851897159068,0.1717078448940586,0.16724946935785456,0.17948448001985276,0.15731430323732196
51,4.340407607532354,0.16040686624295528,0.16354860461055348,0.17182289010940827,0.16726096465831525,0.17981568126652683,0.15714499311224092
52,3.435504556718477,0.16031243322568495,0.1634159283726445,0.17191984398943058,0.1672681891963503,0.18007047266926282,0.15701313254662688
53,5.926532853732588,0.1601762709625553,0.16320969811863242,0.17206902310139766,0.16728793580592338,0.18044957731009115,0.15680749470140007
54,5.411535883397547,0.1600225029225603,0.1629883421711951,0.1722331855113213,0.16728253243472274,0.1808865775641191,0.15658685939608163
55,5.159458088455283,0.15989276254424264,0.1627870353233109,0.172374426026077,0.16729101467479593,0.1812683898552456,0.15638637157632776
56,4.584394478450964,0.15975946588866033,0.1625998673410143,0.1725149038703337,0.16729822924843368,0.1816274094163388,0.15620012423521926
57,5.604656482853457,0.15964863308497226,0.16241942016198185,0.17262837089821462,0.16732336563471698,0.1819596232243327,0.15602058699578153
58,5.774391941962777,0.15948062977485636,0.16218997103869578,0.17279406928970958,0.1673389584016211,0.18240429563632785,0.15579207585878932
59,5.03489270465072,0.15933356374114305,0.161981767153825,0.17295328455057526,0.167345447830413,0.1828010461191597,0.15558489060488404
60,3.8272521692602024,0.1592534321928272,0.16185408522670844,0.17303550659240746,0.16736621082752579,0.1830324446787232,0.1554583204818079
61,4.726987345466188,0.15914138533040417,0.16168493262482497,0.17315644026154922,0.16738682218410886,0.18334015439008824,0.15529026520902453
62,5.3361928752791865,0.15898324509958783,0.16145490964414655,0.17333790267543478,0.1673839822515084,0.1837786230357805,0.155061337293542
63,4.075379005512923,0.1588795730262199,0.16129954611133193,0.17344935459809294,0.16739037647473426,0.18407401737994178,0.1549071324096792
64,4.400802523520324,0.15877481725206788,0.16113178780743664,0.17356080052030198,0.167406014161089,0.1843860404561477,0.15474053980295666
65,4.167049492999977,0.15866057305294512,0.1609637335881783,0.17369274154163644,0.1674127729724209,0.18469650883060357,0.1545736700142157
66,4.792100889860463,0.15856647807994703,0.16080897004320852,0.17378479883589884,0.16743575794326168,0.18498390180425514,0.15442009329342876
67,5.284333159828031,0.15843870641161759,0.1606171498378986,0.17392115251010115,0.16745151278420883,0.1853420163735173,0.15422946208265653
68,3.920585872887972,0.15835406849754918,0.16047913237358633,0.17401624649111208,0.1674663092899478,0.18559157826553782,0.1540926650822668
69,5.935069075155563,0.15821696622720843,0.16027114087139138,0.17415252677708304,0.16748340234228312,0.1859900881931442,0.15388587558888978
70,4.914801534627113,0.15810140964649416,0.16008961774333358,0.1742756931683085,0.16749626669419368,0.186331437860758,0.15370557488691208
71,5.468770943178248,0.1579651316213461,0.1598788327446076,0.17442686172387348,0.16750455030258257,0.18672861010814948,0.15349601349944078
72,4.084111915754062,0.15782745670209933,0.15969207490324702,0.17457824018970552,0.16749394669782947,0.18709778485457065,0.15331049665254798
73,4.1940145118728935,0.15769602915613123,0.1595122232335026,0.1747091937613073,0.16748987979762522,0.18746078424537216,0.1531318898060614
74,5.422082975295379,0.1575480364145353,0.1592927596118041,0.1748778329528616,0.16748811099518338,0.1878795928653717,0.15291366716024382
75,5.238214507834898,0.1573849864402945,0.1590570761124414,0.1750539363955331,0.1674763174547456,0.18834845414425963,0.15267922945272577
76,5.003142728373358,0.15723100741586096,0.1588382989350159,0.17521472183079265,0.16748142454221057,0.18877284425951432,0.1524617030166055
77,4.744471124110926,0.15710403988594893,0.15864633272664708,0.17535787002837772,0.16749257964888603,0.18912818584202432,0.1522709918681159
78,5.010424837017761,0.1569861177316729,0.15845904735786615,0.17548817919751647,0.16751270315388003,0.18946898940012694,0.15208496315893746
79,6.233970658129866,0.15679241634060778,0.15818922600375995,0.17570723014984022,0.1675119781159552,0.189982753172913,0.1518163962169239
80,4.662751835363582,0.15667047809226836,0.15800087287444117,0.17584319037428703,0.16752494072074112,0.19033121342997145,0.15162930450829096
81,5.196328052660497,0.1565329548717749,0.15779786877460047,0.17598690513753779,0.16754178221119617,0.19071292697924763,0.15142756202564295
82,4.600952767755756,0.15642177224167933,0.15763300562341304,0.1760988855538134,0.16756434637845866,0.19101802693810216,0.15126396326453354
83,4.961901502464928,0.15630392662393378,0.15744463685334367,0.1762317681131831,0.16757685743716094,0.19136595181736857,0.1510768591550099
84,4.601573831784518,0.15616530810610924,0.15724726340626397,0.1763816506923966,0.16757826908559134,0.19174675698124555,0.15088075172839333
85,4.656935637159392,0.15605915597626724,0.15707375289148517,0.17651242594208208,0.1675878229638676,0.19205833419694338,0.1507085080293544
86,4.989446410572503,0.15592358611081397,0.15687708227210403,0.176656534739161,0.16758555763442234,0.19244413489547932,0.15051310434801934
87,6.008516567519206,0.15577269569414776,0.1566478767728798,0.17683140618053889,0.1675990899292909,0.1928637661527451,0.1502851652703975
88,4.668156788268347,0.15567467575247748,0.15648891976954507,0.17694742825152696,0.16762269621125073,0.19313880344572443,0.15012747656947542
89,4.516976373551426,0.1555705597784923,0.15632314329449007,0.17706197256081893,0.1676387555398288,0.19344260006027023,0.1499629687660997
90,4.813588486025277,0.15542958348438718,0.15612917873901908,0.17720602882138115,0.16764679202290717,0.1938181440911054,0.14977027284120004
91,5.05235076448307,0.15531674052767833,0.15595171110108408,0.17732324313193124,0.16766858631935602,0.19414564497894582,0.14959407394100457
92,5.59463397292601,0.1551689116856218,0.15573708669660155,0.17749133188464225,0.16768571951109734,0.1945362321321149,0.14938071808992207
93,5.056733037722527,0.1550357821953951,0.15553917740764456,0.17763610957297735,0.16769670300905914,0.19490815008527337,0.14918407772965037
94,5.319494784173726,0.15488517970558385,0.15532459485561503,0.177800856500605,0.16770790689712622,0.19531069800152032,0.1489707640395495
95,5.575284563308612,0.1547450856063778,0.15511699127523743,0.17795204128326805,0.16771976648081363,0.1957016860736333,0.14876442928066974
96,5.666825778848076,0.15459958345028882,0.15490270435485923,0.17810384070369284,0.16773237991244175,0.19611008043145356,0.14855141114726386
97,5.41230236620039,0.1544579806363461,0.15468993131128655,0.17825779961313293,0.16774599362802756,0.19650838789156888,0.1483399069196378
98,5.047367478372838,0.15433414459379968,0.15450511307390677,0.17838549802890535,0.16777469377726842,0.19684419299798858,0.14815635752813117
99,4.982489045364411,0.1542048682783982,0.15430659520680468,0.1785337530283868,0.1677796033906082,0.1972160716929139,0.1479591084028883
100,5.644951855711373,0.1540665676908584,0.15410928757733575,0.17866462834976257,0.16780344877112496,0.19761277284291281,0.1477432947680055
101,4.887493317346052,0.15395413668444205,0.15392448685480903,0.17878429003618504,0.16782032978274544,0.19795699014185014,0.1475597664999682
102,5.160075772267392,0.15383137246661344,0.15372959780048193,0.17890550350806939,0.16784527776611638,0.19832209875277854,0.14736614970594036
103,5.738928633213518,0.15367268492695202,0.15350072477695262,0.17907173768529744,0.1678515600857538,0.19876474382124645,0.14713854870379758
104,4.596133374443566,0.15355185343795077,0.15332170612787546,0.17919107739224652,0.16787474948562287,0.1990998115304406,0.1469608020258637
105,4.016707109514123,0.15343364022717637,0.1531520365524629,0.17931241111717305,0.16788301947259054,0.19942648835726562,0.14679240427333157
106,5.084635678883531,0.15331962745023195,0.15296579801056456,0.17943334655299398,0.1679155408909397,0.19975824982281176,0.14660743727245804
107,5.6619956204560955,0.1531468275323976,0.15271393886350879,0.17963322559079603,0.16791097658872028,0.20023818201263135,0.1463568494119459
108,5.392906287159483,0.15302828770568053,0.15252109372860137,0.17975876179958222,0.16792545838840722,0.20060112299197164,0.14616527538575713
109,5.72008575587268,0.15287342633829587,0.1522941180718144,0.17993109520348974,0.1679478363212858,0.20101395346205572,0.14593957060305848
110,3.3085402022517543,0.15277571255695704,0.15215991132837106,0.18003815498849726,0.16796281801213153,0.2012567684915866,0.14580663462245658
111,4.311384209714859,0.15265436435604463,0.15198002971171187,0.1801822910123702,0.167951173705971,0.20160411772028575,0.14562802349361645
112,5.011421763756277,0.1525493713724926,0.15181660658875276,0.18029675134831466,0.1679820176155794,0.20188938246613974,0.14546587060872088
113,4.57283789317506,0.15245075449312992,0.15166012778918458,0.1804002171917771,0.16801035951413426,0.20216787918586376,0.14531066182591024
114,4.3289876989170235,0.15235436875484734,0.15151387002223976,0.18050284327582056,0.16803561862223976,0.20242762548004525,0.14516567384480739
115,3.7106715435483575,0.15225375133130936,0.15136645520241476,0.18061337668183736,0.16803898635069806,0.2027079018516497,0.14501952858209072
116,5.340532524346145,0.15213117380160063,0.15117530274973798,0.18074823908211,0.16805210093524572,0.2030635380178376,0.144829645413468
117,4.480217168431551,0.15201546480477757,0.15100955442918795,0.18087377076612446,0.16807021833764169,0.20336582551217205,0.14466516615009614
118,4.952242280002561,0.15190968123792908,0.15084290731497316,0.18098074977313539,0.16809030715940157,0.2036765666715926,0.14449978784296816
119,4.716706163923423,0.15180564758119844,0.1506786506189935,0.1810890708180328,0.16809987582020094,0.20398995544951992,0.14433679971205443
120,5.447040365573647,0.15166152664978302,0.15047065928360764,0.1812343162870232,0.1681036418004429,0.204399779292242,0.14413007668690123
121,3.947251416253799,0.15156232446152085,0.15032286100083384,0.18134261113176908,0.16811610319892306,0.20467255372398926,0.14398354648296402
122,5.2554781480312345,0.15144707973657268,0.15014512968769086,0.18146149174588497,0.16814585749894023,0.20499335834121785,0.1438070829896933
123,5.0554093676221274,0.15132028338470896,0.14995333483758655,0.18159164341679365,0.16815149789986922,0.20536668474879352,0.14361655571224818
124,4.4558174062762435,0.15122554034733124,0.14979583346595926,0.18169116269539382,0.16817208491651398,0.20565505690618444,0.14346032166861714
125,6.123969288889722,0.1510773776852382,0.1495747162607472,0.18183880499337715,0.16818624477968988,0.2060823847486053,0.14324047153234234
126,4.539381758568187,0.1509546664137828,0.14939998810793026,0.18195130682048558,0.16820446928152924,0.2064225591695708,0.14306701020670126
127,6.700497953876852,0.1507777239310559,0.1491376881012364,0.18212990779483682,0.16821439807908498,0.20693430532624404,0.14280597676754195
128,4.999426181804764,0.15066646079003396,0.14896841506989142,0.18223674651351202,0.16823246019503435,0.20725794737089454,0.14263797006063367
129,5.420627037425713,0.15053755422797885,0.14875533909675753,0.18236563333407416,0.16824555384592454,0.20766975933595397,0.14242616015931078
130,4.962062385489037,0.15040912491521782,0.14855442284940695,0.18250149356728265,0.16825347002034835,0.20805497891376437,0.14222650973397977
131,4.876924706256531,0.15029858056605655,0.14837671047516993,0.18261347443468917,0.16827975602120374,0.20838141557211337,0.14205006293076716
132,4.893054003297359,0.150176281016725,0.14818608603374614,0.18273995111392885,0.1682962944723472,0.20874068355463368,0.14186070380861904
133,7.190133230978941,0.14997038604604293,0.14788292326946761,0.18296415847955827,0.16830360166564587,0.20932012443173997,0.1415588061075452
134,5.491279372387072,0.14980485373534422,0.1476449060682099,0.18314956365556484,0.16830634565394156,0.20977227716607574,0.14132205372086382
135,4.607330535641406,0.14968462886643344,0.14746179859837263,0.18327194769677885,0.16832696898522195,0.21011444503807322,0.14114021081511982
136,5.357281397802958,0.14953109723504665,0.14723290590494328,0.1834478660305608,0.168346772402363,0.21052877599436567,0.14091258243272053
137,3.695304877715684,0.14942124660752526,0.14706826850067892,0.1835750522563175,0.16835106404237157,0.21083515950391415,0.14074920908919264
138,4.950493166797613,0.14929769980772836,0.14687707164969727,0.18370905432551568,0.16836960678894175,0.21118729138253095,0.14055927604558605
139,4.531519264341244,0.14918018695799698,0.14670357968649103,0.18384596838129172,0.16837872021446226,0.21150449712184247,0.14038704763791554
140,5.861508256896053,0.1490250091931894,0.14646743446612762,0.18400613538891147,0.16839685321748407,0.21195240201439797,0.14015216571988934
141,5.657708058446617,0.14889281490829617,0.14625351889202415,0.18414293056031963,0.1684278043814926,0.21234341806171675,0.1399395131961508
142,4.959280873697618,0.14877937724830467,0.14607645591309332,0.18425958320385852,0.16845042489359177,0.2126704457253568,0.13976371301579493
143,4.844626401690846,0.14865189812962587,0.1458887611544955,0.18439985591883273,0.168460830297755,0.21302137369572277,0.1395772808035682
144,4.739014890840331,0.14853459420786874,0.14569872698844497,0.18454115318935888,0.16846851804367116,0.21336849863895924,0.139388508931697
145,5.6962997024027064,0.14838991220956146,0.14548264007064118,0.18468577723502128,0.1684926174900549,0.21377536893917706,0.13917368405554414
146,4.386439719401028,0.14826762992655543,0.14531114116621327,0.18481106837414502,0.1685069222409773,0.21409979135111132,0.13900344694099762
147,6.012205076155675,0.148123419961423,0.14508475808300558,0.18496865924994077,0.16852643178114932,0.21451840552941265,0.13877832539506854
148,5.694900423313475,0.1479645084610888,0.14485324257794133,0.18514240548511543,0.16853629793179634,0.21495547436882423,0.1385480711752337
149,3.9314995449052925,0.14784690507810563,0.14468959286951655,0.18526658151252495,0.16853748504000907,0.21527375299954407,0.13838568250029962
150,5.906772202469648,0.14768541323770587,0.14447882802336112,0.18542833055119473,0.16854894880652962,0.21570726500587187,0.1381512143753369
151,3.762307647081459,0.1475832695438285,0.1443239166936838,0.18554815778306458,0.1685409493563335,0.21600613805527263,0.13799756856781686
152,4.010811057132938,0.14748439260835566,0.14417485162521299,0.18565166394269142,0.16855039900358465,0.21628892405170685,0.13784976876844854
153,3.7421165087518244,0.14738128235416173,0.14402864161385445,0.1857631087677965,0.16855714810003838,0.21656499539091545,0.1377048237732335
154,5.5102275383513994,0.14723477691850337,0.14381619281115132,0.18590738316428537,0.16856452474261696,0.21698348262989228,0.13749363973355075
155,6.09742804220671,0.14708025436501804,0.1435765463166213,0.18607694575776204,0.16857969047567284,0.21743130533581723,0.1372552577491084
156,5.264362513134311,0.14694101880726443,0.14337404661335612,0.18623452016813938,0.16858305293313453,0.21781333917494478,0.13705402230316063
157,4.739811669112137,0.14681904214790395,0.1431919916970623,0.1863769774469051,0.16859722437534425,0.21814153294136562,0.13687323139141863
158,5.3659924311679195,0.14670328485151932,0.14300414459149527,0.18650392133189814,0.16862801975151143,0.21847398143596433,0.13668664803761155
159,3.991037943756538,0.1466060022812949,0.14285759838447726,0.186611544835331,0.16864450896640165,0.21873898020278792,0.13654136532970743
160,4.662839507626406,0.14650184254108709,0.14269187281976262,0.1867230506587115,0.16865744173438824,0.2190488892346459,0.13637690301140462
161,5.368302225190833,0.1463580311653368,0.14249208366533708,0.1868698763514944,0.16866095768540698,0.2194406742816851,0.13617837685073966
162,4.77013265416113,0.14624323171195194,0.1423099571991403,0.18699607443260846,0.1686621224604911,0.21979110107005842,0.1359975131257497
163,4.090846840796801,0.1461459804758952,0.14216116641895468,0.18708823278361505,0.16867744145750702,0.2200771940297652,0.13584998483426294
164,5.486098506421782,0.14598771923202017,0.14192824811842406,0.1872625183836895,0.1686597155732278,0.22054346992272766,0.13561832876991067
165,4.818332937525519,0.1458778718516576,0.14176366301556162,0.18736414701275808,0.16868299681675214,0.22085631565245503,0.1354550056508156
166,5.299469633206457,0.14573596391013327,0.14155409679332842,0.18751268409180114,0.16868746791922434,0.2212630861255577,0.13524670115995513
167,5.049675711561292,0.14561365156123623,0.14136063641355504,0.18764433431941702,0.1686932792477099,0.2216335961988559,0.13505450225922586
168,5.106603895105824,0.1454908380114728,0.14117464626854614,0.18778102237376307,0.16869757117990933,0.22198614882533305,0.1348697733409756
169,4.555390658231213,0.14537960825002327,0.14099813910179065,0.18791186829158843,0.16869814503536282,0.22231771217248564,0.13469452714874902
170,4.933613887757051,0.1452450104947733,0.14080283372859892,0.1880643718078473,0.16869690489381192,0.22269039657707415,0.13450048249789429
171,4.316636888351608,0.14514568051030713,0.14064362881583467,0.18818443452748654,0.16869655212371265,0.2229871659673233,0.13434253805533578
172,4.502689534505183,0.1450402790198786,0.14047652769500538,0.18831451094864535,0.1686993864943115,0.22329259868953724,0.13417669715262184
173,5.51504672124172,0.14489030540895265,0.14025913834696765,0.18848517249629548,0.1687094303283234,0.22369538564880764,0.13396056777065304
174,5.694516530643159,0.14475835432098236,0.14004547643675458,0.18864038762213242,0.1687229374515419,0.2240846785940688,0.13374816557452
175,5.712356950423258,0.14459562317062577,0.1398225432213379,0.18881282892709525,0.16873917318426726,0.22450333967542907,0.13352649182124476
176,6.030383439931992,0.14443236506083282,0.13958210851992536,0.18899652709524464,0.1687577185707586,0.22494396442315498,0.1332873163300837
177,4.182740013637701,0.14434797340422956,0.13943488504859058,0.18909185887476138,0.16877580476884727,0.2252081260864013,0.13314135181716996
178,6.0338169343079935,0.1442093344060456,0.1392122775235243,0.18924927648789136,0.1688051511780049,0.2256039574058053,0.13292000299872855
179,4.175083994051148,0.14407975120112984,0.13903276544559687,0.18939917797086578,0.16880993652847634,0.2259366194782384,0.13274174937569283
180,4.777322196286011,0.14394185303760815,0.13882730251699432,0.18956537609687496,0.16881393921181903,0.2263139844864125,0.13253754465029108
181,4.880899231761877,0.1438127451832755,0.13864444882043936,0.18969518555657197,0.16884078242245057,0.2266508891119647,0.13235594890529798
182,5.394341400824703,0.1436652994564675,0.13843330254402436,0.18985745138468318,0.1688636346620135,0.2270342516239565,0.1321460603288549
183,5.413237584047335,0.14353676471379093,0.13823896165983954,0.18999915644974588,0.16888227645288337,0.2273898638306369,0.13195297689310354
184,3.616586498204031,0.14343515546608265,0.1380918460107133,0.19010946013015717,0.16888114114113176,0.2276752788109902,0.13180711844092496
185,4.854863153817963,0.1433037135475296,0.137888343649757,0.19026180743263857,0.16888386558343452,0.2280573967611644,0.1316048730254759
186,5.529475355563551,0.14316693219062,0.13769309673542196,0.1904117897050285,0.16891834571394185,0.22839895284972844,0.13141088280525928
187,3.9665264701208547,0.14305591005274546,0.13753670560493428,0.19054435422028576,0.16892046965825516,0.22868681234622576,0.13125574811755353
188,5.302941372991723,0.1429299274130277,0.13734203569019807,0.1906965215044131,0.1689481291281019,0.22902105186994903,0.1310623343943101
189,4.4468847212511715,0.14280896911000399,0.1371561665114061,0.19083901274931536,0.1689554348436033,0.22936269562989742,0.13087772115577379
190,4.892579164754969,0.1426751930431274,0.13695292545334425,0.19100415020603326,0.16897269517243738,0.22971930033827812,0.13067573578677968
191,4.5222922232423866,0.14257617729482605,0.13679106517846257,0.19112331777460675,0.16899522291072516,0.22999908589155083,0.13051513094982867
192,5.124463192766618,0.14245941090364012,0.13660495007732212,0.19125782988878895,0.16901004717186408,0.23033749092285327,0.13033027103553133
193,4.818864134168373,0.142332279972893,0.13641672448147407,0.19139765970534994,0.16901948862572935,0.23069054683906431,0.13014330037548946
194,5.674130651915264,0.1422053459408808,0.1362168143706203,0.19154025124789553,0.1690449625452625,0.23104798094588616,0.1299446449494547
195,5.163629814108817,0.14208448909394433,0.13602250095258314,0.19169349703764402,0.16905689451342212,0.2313910324371063,0.12975158596530004
196,4.974586400483999,0.1419515448172551,0.13582281665477633,0.19184769576193375,0.16906797910244648,0.23175680781309907,0.1295531558504892
197,4.997417599358451,0.1418180232439239,0.13563075416397855,0.19198951192310665,0.16908024834499413,0.23211911503214594,0.12936234729185098
198,5.000556424213266,0.1416775302513645,0.13542677231238542,0.19214608721530568,0.16908999820532777,0.23249999289398549,0.12915961912163115
199,6.573219356548945,0.14150302897919048,0.1351624342808911,0.19234569368397805,0.16910438726111135,0.23298792127405538,0.12889653452077368
200,5.370642653968597,0.14135801508162238,0.13502285603604894,0.1924853894232325,0.16911643043430222,0.2333220147124151,0.12869529431237894
201,5.417355558996647,0.141220498657063,0.13480969672750534,0.19263920937856377,0.16913880191790984,0.23370839280277877,0.1284834005161793
202,4.54707590609877,0.14109399491320257,0.13462689444656897,0.19277484053427765,0.1691539286451153,0.2340484779663511,0.12830186349448458
203,4.86527593107115,0.14096320990875275,0.13443538161540902,0.19291355632682716,0.1691720590686501,0.23440417741084643,0.12811161566951448
204,5.830471157730945,0.14080695748250516,0.13420236739905508,0.19309253447740438,0.1691850756381115,0.2348331987965747,0.12787986620634914
205,5.454235225109937,0.14067742037065087,0.1339953891803986,0.19323622245935482,0.1692177361868726,0.23519907931479245,0.12767415248793074
206,4.244411339229036,0.14057944932601812,0.1338467305471281,0.19333428409740513,0.16924278508149287,0.23546999284595738,0.1275267581019984
207,5.70806701728904,0.14041428469553974,0.13359307064716752,0.19353978739922256,0.16925759393025291,0.2359209011312909,0.12727436219652646
208,5.23759294933642,0.14027602747737442,0.13339501831839912,0.1936856310641981,0.16927842105372298,0.23628732847685743,0.1270775736094479
209,4.039161601327424,0.14017931108643433,0.13324868312490806,0.19379774708084918,0.16928932112690231,0.23655243567600756,0.12693250190489846
210,5.945902338756903,0.1400271652566101,0.1330069582793223,0.19399524589673645,0.16929845426363385,0.23698013600814097,0.12669204029555645
211,5.195617521660248,0.13989554311697414,0.1328061026166175,0.19415960821320358,0.1693160374881985,0.2373302609485582,0.1264924476164482
212,4.456646986152576,0.13977481976572098,0.13263509848933952,0.19430216481002635,0.16932030955776106,0.23764490115698203,0.12632270622017014
213,4.1173260182142,0.13966527285560365,0.13247344641223432,0.19442797409681165,0.16933136142268812,0.23793962859114368,0.12616231662151864
214,4.064387997520776,0.13955181677337464,0.13231258138719051,0.1945560763983768,0.16933312904317657,0.23824368257544867,0.12600271382243286
215,6.1468845176390525,0.13940300852676793,0.13207784528616023,0.1947338971223501,0.16934786163107182,0.23866814773873457,0.1257692396949154
216,5.83842010768645,0.13927300059762596,0.13188095370458394,0.19486948056873257,0.16937691222024287,0.2390260430743573,0.12557360983445726
217,6.158305889766966,0.13908826734428273,0.13161745631512517,0.19509468586235668,0.16938638322307292,0.23950183334139008,0.1253113739137724
218,5.946354574863436,0.13893601156977967,0.1313909242303942,0.19526697368016124,0.1694102961244634,0.2399096913496798,0.12508610304552162
219,5.074775916427288,0.13876988023971842,0.13117148920346217,0.19545388597146224,0.1694240952949049,0.24031272030762585,0.12486792898282649
220,5.0970876591284675,0.13863669752950902,0.13097158818730578,0.19560455946411826,0.16943577218494557,0.24068209395540718,0.12466928867871417
221,5.127453948529664,0.13850079007128296,0.13077115937446257,0.19576269433013152,0.16943496079402112,0.24106027510432912,0.12447012032577265
222,3.6105120613943527,0.1384013670177874,0.13062743244269495,0.19586956606957046,0.16945279197890714,0.2413211888892252,0.12432765360181473
223,5.521225574005928,0.1382462307605841,0.13040864689265255,0.196037994756534,0.16946496509207068,0.24173203449061814,0.12411012800754047
224,5.727217551018933,0.13808297222551855,0.1301722854787062,0.196219856934941,0.16948661366571136,0.2421632453977518,0.12387502629737111
225,3.6568509695564244,0.1380048850302968,0.1300416902585743,0.19631085297712625,0.16949983260295753,0.24239704860196967,0.12374569052907546
226,4.349338255525186,0.13789136595634272,0.1298730212260357,0.19644481825562923,0.1695125844393341,0.24269992942617552,0.12357828069648273
227,4.286623360917312,0.1377848847762745,0.12970756467788908,0.19656649957318814,0.1695287033364393,0.24299826453976686,0.12341408309644203
228,4.88031675788102,0.13763813996138727,0.12949641104027268,0.19672827518897967,0.1695341759575525,0.24339880969666614,0.12320418815514189
229,5.946462554976506,0.13749599988529027,0.12928400428500647,0.1968843329824346,0.1695426588662715,0.24379996413654462,0.12299303984445267
230,5.681111653857633,0.13730973737738814,0.1290200184333027,0.19709132782053831,0.1695347847170877,0.2443138194660463,0.122730312185637
231,6.398004734010441,0.1370984739902785,0.12872627926582983,0.19732869767815744,0.16954112239255972,0.244867595713761,0.12243783095941363
232,4.3868614195737825,0.1369987360667658,0.1285762072139756,0.19743404497060948,0.16956032323503972,0.2451416719163886,0.12228901659722069
233,4.869626776942298,0.13687658251911008,0.12839740818544837,0.19756923480206776,0.16957157304213283,0.24547372644442414,0.1221114750068168
234,4.090585900999695,0.1367635394589511,0.12823673395285934,0.19768989496503717,0.16957351638001944,0.24578425728226946,0.12195205796086347
235,5.51420878572261,0.13660941846776364,0.12801957017102755,0.19784610485311022,0.1695863368769992,0.24620241851686925,0.12173615111423007
236,5.123323396991937,0.13648304813857975,0.1278289852711612,0.19798348812682817,0.16959776448176428,0.24655989108349136,0.12154682289817509
237,5.136520241163245,0.1363391701153064,0.1276232865042381,0.19813010309064752,0.1696056009078277,0.24695945881825385,0.12134238056372657
238,4.361630938894144,0.13622732640644752,0.12746301947122407,0.19823616399992622,0.16961642708810462,0.24727369332239682,0.12118336971190066
239,4.533974804646427,0.13610585374770348,0.12729778450174264,0.19836031188357772,0.16962620138866852,0.2475904578059364,0.1210193906723711
240,4.304847321123194,0.1359885817876877,0.1271257143187924,0.19848208499740613,0.1696240250976342,0.24793101763029288,0.12084857616818674
241,6.026195937226346,0.13584090594349438,0.12689471028681834,0.19864095691055075,0.16963108497239604,0.24837351432289761,0.12061882756384278
242,5.720004527466367,0.1356620218660429,0.12665387386398477,0.19884750529699838,0.16962477225909997,0.24883258039632017,0.12037924631755383
243,6.878641156506072,0.1354486160182956,0.1263463846151903,0.1990939009155305,0.16962245013799107,0.24941563631872382,0.12007301199426863
244,5.028661337677546,0.13534119544494785,0.12617477388079695,0.1992050861192305,0.1696465834579944,0.24972970516263088,0.11990265593439946
245,3.168358305962734,0.1352619531743631,0.12605620414404412,0.19928492922566932,0.16965643809296752,0.24995513474172001,0.11978534062123591
246,5.057812532900324,0.13511064158604538,0.12584594313272449,0.19944584059234804,0.1696517425816679,0.25036949832459343,0.11957633378262084
247,5.859617060700797,0.13495333797121856,0.12562172366703173,0.1996089800062363,0.16966711405936874,0.2507954760573466,0.11935336823879812
248,4.91670080788053,0.1348165719645896,0.1254267357401684,0.19975583740748135,0.16967306510494165,0.2511681557997985,0.11915963398302043
249,5.349457084177929,0.1346481321295957,0.12519176514232774,0.19993658255800728,0.16967055516691693,0.25162704819762105,0.11892591680553122
250,4.065615845236945,0.13453358277900831,0.12502577718063546,0.20006247866631777,0.1696840216887118,0.2519329576718202,0.11876118201350631
251,6.070682345424234,0.13434377426774505,0.1247678046187262,0.20026699351300867,0.16969272241861827,0.25242424281127124,0.11850446237063049
252,5.489992327928642,0.13419048427731273,0.12454345922944142,0.20043704844941998,0.16970205760901974,0.25284558078501074,0.11828136964979533
253,6.056158138452671,0.134031134019398,0.12431803453109651,0.20061403431456656,0.1697183609399477,0.25326123882562485,0.11805719736936635
254,4.344952720739973,0.13388817589748103,0.12412658553832202,0.2007810316177338,0.16971985134648895,0.2536173550559499,0.11786700054402421
255,3.9755458261061074,0.13376878242899404,0.12395737667649138,0.2009270433974454,0.16972054595910763,0.2539272079387691,0.11769904359919243
256,5.822925858830799,0.13360970094762042,0.12373012331828828,0.20111236228209775,0.16973542868928335,0.2543393428551054,0.11747304190760478
257,4.7543668749288495,0.13348131071557362,0.12353958162564838,0.20125611386997913,0.16974919614003417,0.2546900460175177,0.117283751631247
258,3.6614647577043433,0.13338347471330195,0.1233777959479241,0.20137648465261343,0.1697541818865202,0.25498484568011864,0.1171232171195216
259,4.592017512103128,0.13324863454424332,0.12318251045969308,0.20154078525665162,0.16976293619809074,0.25533595099426487,0.11692918254705627
260,5.084704711750029,0.13312400583500344,0.12299942302107256,0.2016773622948945,0.16978076973913628,0.25567109333587495,0.11674734577401825
261,4.759564775555514,0.13298599370508404,0.12280435646713998,0.20184066981671003,0.16978959552075112,0.2560258548547797,0.11655352963553509
262,6.136051500139816,0.132835681310481,0.12256244017843265,0.20203111683505157,0.16980187026004928,0.25645602790379135,0.11631286351219408
263,5.334993803578173,0.1326565898090521,0.12231104687092303,0.20225298246095832,0.16980377550361644,0.25691288523543243,0.11606272012001771
264,6.213454420603963,0.1325051210240564,0.12206975414278887,0.20243043165528757,0.16983790075446006,0.2573341153661734,0.11582267705723373
265,5.856150900199872,0.13239976732289302,0.12188250176933003,0.20255597897217584,0.1698834911194416,0.2576415867169676,0.11563667409919201
266,3.037255891182954,0.1323019156854044,0.12174605713080547,0.20267457359643812,0.16988253266827574,0.2578934422928747,0.11550147862620147
267,5.915738335662991,0.132122454020978,0.12149368205303952,0.2028911725510438,0.16988139705276276,0.2583609418580395,0.11525035246413645
268,5.521272051990815,0.13196162309628628,0.12126235436801694,0.20307752520433156,0.16989552607847622,0.25878269780785745,0.11502027344503164
269,5.6395789193324495,0.13181369994973696,0.12104376062058984,0.2032456460173306,0.16991153598209058,0.25918242931646296,0.11480292811378914
270,5.727350069777357,0.13165399394219926,0.12081942682391114,0.20341424306133538,0.1699378170804516,0.2595946766084908,0.1145798424836118
271,4.291030591746053,0.1315685508149847,0.12067040302028537,0.2035086955830388,0.16997052366042095,0.25984976032441603,0.11443206659685409
272,4.924963788262233,0.1314295968044941,0.12045952747528581,0.20368963739874196,0.1699592348085166,0.2602395647938223,0.11422243871913923
273,6.151714381417201,0.13123336212644146,0.12019199485480503,0.20392754591050438,0.16995796544462802,0.26073297814721147,0.11395615351640968
274,5.659268523967162,0.13106608594389313,0.11995587281656857,0.2041337320033719,0.16996727296854894,0.2611557576211765,0.1137212786464409
275,4.660419277985495,0.13089884364523344,0.11973386099513639,0.20433859690059022,0.16995924625109862,0.2615689384640985,0.11350051374384273
276,5.804481102434124,0.13072677416028153,0.1194845356033032,0.20454429043302094,0.16997897534856088,0.26201298943337376,0.1132524350214598
277,4.7125622735221215,0.1306196964798274,0.11931758270823566,0.20468336402901685,0.17000350412342227,0.2622891241129891,0.11308672854650863
278,4.302691009825478,0.13050862589930956,0.11915215491091947,0.20480033863331662,0.17002472102796548,0.26259161260846403,0.11292254692002479
279,5.178922394402607,0.13035201351036435,0.11892787454789151,0.20496503522316212,0.17004249680358524,0.26301306743640174,0.11269951247859501
280,5.633695491526892,0.13021597914822514,0.11871776434400215,0.2051173388022815,0.1700681858027685,0.26339008395560315,0.11249064794711951
281,5.78619490426912,0.1300599987181229,0.11849007729256161,0.20528799851805377,0.17008743692714556,0.26381028222515773,0.11226420631895835
282,5.844593702160557,0.12992350571337583,0.11828244426334046,0.2054425078341157,0.17011670201729698,0.26417702170793905,0.11205781846393192
283,5.535016863296842,0.12976918779836083,0.11806576355236434,0.205616210375423,0.17013712063719974,0.2645693349585364,0.11184238267811568
