round,reward,w0,w1,w2,w3,w4,w5
1,6.088047433255378,0.2549458645952106,0.053562751142675016,0.19463976111128353,0.05773162129430323,0.22535420092826386,0.21376580092826386
2,5.449205502471674,0.2542943969166873,0.05629314332514019,0.19422338110074142,0.05763239997861347,0.22472180681670362,0.21283487186211394
3,5.629745101934985,0.25364473851758457,0.058677105555872335,0.1939049143893861,0.0575997940706085,0.22427532185942212,0.21189812560712631
4,5.721799201198432,0.2529356900148205,0.06064020125427017,0.193792671667248,0.057633123636234934,0.22414931992320164,0.21084899350422476
5,4.471008649158816,0.2523362776930738,0.06190625539304451,0.19377511873127592,0.057809654290694346,0.22416300362346026,0.2100096902684512
6,6.130319234792112,0.25158942056353506,0.06331887972153483,0.19380382056502873,0.05796295223747256,0.22437979271432923,0.20894513419809954
7,6.2742368031858495,0.25088579403650807,0.06446398813801883,0.193927564739218,0.05811365618387014,0.22474740744168709,0.20786158946069788
8,6.077665596120659,0.2501514864327863,0.06530176177060289,0.19418560702469248,0.0583252605838978,0.22524556830931322,0.20679031587870728
9,6.121739895054136,0.24941292547934682,0.06591565160361093,0.194535638385273,0.05848389935947109,0.22594637302573817,0.20570551214656008
10,4.915713576406633,0.24876845286308538,0.06624254437023594,0.19485523867557059,0.05875032361066144,0.22658564831734554,0.20479779216310107
11,5.1846467378776,0.24802857182558957,0.06639623292445845,0.1952712778337433,0.05901687744633138,0.22748973833598038,0.20379730163389692
12,5.074347100362524,0.24727155019742264,0.06640804223457179,0.1957676606771974,0.0592546007828108,0.22849740163558424,0.20280074447241309
13,5.7258344012738585,0.24655388900702413,0.06636014893145302,0.19625823183968313,0.05953312642755549,0.22952371394057847,0.2017708898537058
14,5.447120280668916,0.2458384502426921,0.06618261737856436,0.19673057977031913,0.05978512676758959,0.23071130759626265,0.2007519182445722
15,5.443954196539125,0.2450697016586882,0.0658703290530465,0.19730839798027927,0.06002081726850535,0.23204584972599276,0.19968490431348793
16,4.314541674714972,0.2443863908107961,0.06549945680495782,0.1978480949232922,0.0602194786739144,0.233301824027183,0.19874475475985645
17,4.361530752021371,0.24381624296215929,0.06521942566553726,0.1982906074236005,0.06043759587920151,0.23427706182722766,0.19795906624227372
18,5.482468316683734,0.2429549893227933,0.0646443339387606,0.19902003903564758,0.06066276653709376,0.23588356022244672,0.19683431094325798
19,5.472907879524925,0.24226075591041396,0.06414282739923938,0.19949685381316798,0.06092114922690796,0.2373338281854903,0.1958445854647804
20,5.6400077338322525,0.24155456231819486,0.06354742768714848,0.20002438445577664,0.06118679864869088,0.2388900553860412,0.19479677150414795
21,5.489454058289083,0.24072274817896255,0.06280344873478894,0.20079914450950925,0.061402377781916255,0.24062818663011531,0.19364409416470768
22,4.707171452477859,0.24009484661549718,0.062242789301715576,0.2012489316202295,0.061641992689562504,0.24202281025303823,0.192748629519957
23,5.239182665254071,0.2393611600272535,0.061499923979563255,0.20188545010077938,0.061850474758163736,0.24372822590111048,0.1916747652331297
24,4.833826277685236,0.2386739500954134,0.060812255494528164,0.2024332220263137,0.06210927213997125,0.24527496357197812,0.1906963366717953
25,5.0385868813026145,0.23809034727408696,0.06025224235059189,0.20283522683081573,0.06240233714232724,0.24655467068194267,0.18986517572023556
26,4.65275552827965,0.23731202143921049,0.05945460017732548,0.20353737988070325,0.06258115162706951,0.24829652780924943,0.18881831906644175
27,5.953567336951915,0.2364156200127457,0.058475157656694955,0.204326801879023,0.0628048404775437,0.25039997769576383,0.18757760227822887
28,6.117541836490187,0.23550650927066014,0.05747852005672554,0.2050759708715904,0.06304756237742046,0.2525570944233294,0.18633434300027413
29,4.386473687274555,0.23495186178923816,0.056882555290332704,0.2055287015299353,0.06328844113699904,0.25381098398307395,0.18553745627042084
30,6.227661301158734,0.23406245581359342,0.05581940830882152,0.2063823079517135,0.0634411793674769,0.25604006922706746,0.18425457933132713
31,4.484297656126473,0.23344228796704297,0.055117225244095125,0.20692559567996183,0.0636515673268785,0.2574959791294796,0.18336734465254204
32,5.907215529704599,0.2324974682967756,0.05403158193201695,0.20778455691821146,0.06385404032495227,0.25974504196374165,0.18208731056430197
33,4.414937071361299,0.23190616444095657,0.05336844647034425,0.20825212374625948,0.06410306898669721,0.2611160399173857,0.1812541564383567
34,5.179560005128906,0.23106303035784984,0.05243862503261378,0.20902687313270102,0.06427994657964646,0.26303904705122894,0.18015247784596006
35,5.055132648790217,0.2302274568798665,0.0514993568458271,0.20979867917423964,0.06444378971525795,0.2649827756933267,0.17904794169148205
36,5.187144333405909,0.22945036239607502,0.05058654051565291,0.21051741376643257,0.06463472664552566,0.266836618288697,0.17797433838761684
37,5.597907883263531,0.22854282787331076,0.05,0.21133904561402742,0.06484429847369368,0.26897746301543957,0.17676262335006507
38,5.183030135466492,0.22756234648515125,0.05,0.2121206582837126,0.06494629881359248,0.2709150238935545,0.17553298692425534
39,5.188382002655695,0.2265027110810403,0.05,0.21283935330502513,0.064905549454011,0.27279206056522787,0.17417269205489777
40,3.076182934682559,0.2258054331409424,0.05,0.21305236600225982,0.0648741696561257,0.2736745127625228,0.17331531402850534
41,3.4013355594582704,0.22508479139958265,0.05,0.21344671354482325,0.06488164711639176,0.27488385779366825,0.17244194380833938
42,5.279340311178452,0.22416022026679877,0.05,0.2140264802582287,0.06492927556198384,0.2767155705399247,0.17123657660169642
43,4.321867624412007,0.22335807199408544,0.05,0.21439425781457017,0.06489999262010639,0.2780834918844251,0.17018450202729093
44,4.0343688820933155,0.22256008368192637,0.05,0.21488483406616452,0.06486939602677148,0.2794205879654263,0.16916038323387375
45,5.191436667821362,0.22163976875220942,0.05,0.2155386791752924,0.06482784275876766,0.2812262748341443,0.1678994842467732
46,4.666381625988531,0.22085822277559558,0.05,0.215926514940622,0.0648099830214094,0.2824651524438764,0.1668571715894804
47,5.2279361396601685,0.2199302379244693,0.05,0.21650433020568424,0.06481831393672015,0.28415374943423055,0.1656631902736839
48,5.443641529015058,0.21887197646277148,0.05,0.21731005848394697,0.06469001256057579,0.2861987169420591,0.16423497554560382
49,5.462365180853151,0.2178150859566773,0.05,0.21792902799271913,0.06461889625835633,0.2879884105442741,0.16288173868979508
50,4.993717437611478,0.21692329357307644,0.05,0.21842238439136769,0.0645458776030702,0.2894845560085277,0.1616940704259958
51,3.8438389637350974,0.21607915588829296,0.05,0.21884931271021554,0.0644604550445402,0.29081999946083265,0.16068515326166372
52,4.41751845590447,0.21518491080740276,0.05,0.21939331811117635,0.06446618768575707,0.29235916452106614,0.15958387150303197
53,6.467132888811905,0.21406234389379947,0.05,0.2202137947328852,0.06442763453045659,0.29461822880040955,0.15807414864646138
54,5.196372545638007,0.21306248410747147,0.05,0.22072549026352178,0.06437472618851316,0.29625726812180814,0.1567716624116163
55,4.48798154342202,0.21224426069658275,0.05,0.22110739389172734,0.06433460410787994,0.2976231953423801,0.15567667778630268
56,4.915634963186997,0.21126070239208758,0.05,0.22165874534311195,0.06431622585811952,0.29945365234684485,0.1544398268211997
57,5.1783720900589705,0.21047914816055263,0.05,0.22201269315090486,0.0643344738450133,0.30076699998834283,0.15337014924371364
58,4.757494697239751,0.2096217767384974,0.05,0.22248961633591063,0.06434388196238607,0.3022310059741373,0.15228952459622622
59,4.52921723081976,0.20868748985375787,0.05,0.22305114752309868,0.06426696953624127,0.30394141183379336,0.15111948855614155
60,5.14073652171482,0.20797803397437478,0.05,0.22334119288012222,0.06435438778114311,0.30502220051564277,0.1501607066338019
61,6.5236732665842005,0.20695894801331371,0.05,0.22403012088242763,0.06444935093020497,0.30702326078993936,0.14879878078262365
62,3.7394216900212007,0.20614080599600984,0.05,0.22435398522767844,0.06442081481597654,0.30813423533301776,0.1478247385000224
63,5.470245623281217,0.2051618981361379,0.05,0.22514158025797779,0.06431054830616133,0.31010339447400687,0.1465043189182412
64,4.976528932777553,0.20419363814245328,0.05,0.22578352399564872,0.06418666791967154,0.31181499679760244,0.1452141539233053
65,4.954365098378776,0.20328738304995073,0.05,0.22629559200511523,0.0641374686874466,0.3133148002863832,0.1440415596475791
66,5.258370721423199,0.20242934024936537,0.05,0.22676092525943276,0.06417158266308683,0.3147686570216672,0.14290824389243828
67,4.319217239225937,0.2016871038367899,0.05,0.2271351732297491,0.06419084523175568,0.31595145719974677,0.14192518889666977
68,5.705461560275241,0.20062762507788812,0.05,0.22786773663154392,0.06419430141655608,0.3179792713721603,0.1405819423536851
69,4.995189729311874,0.19976539091648365,0.05,0.22829687894122005,0.06418737764741779,0.3193327352958423,0.13945432358463
70,4.163760377525591,0.19901979030497002,0.05,0.22874743934996053,0.06409023756270431,0.32061219939773694,0.1384474790724147
71,5.076861198009312,0.19802275831145502,0.05,0.22949892795863874,0.06399861875314782,0.3225791287939882,0.1371296654399493
72,4.610540640175476,0.19711904621298015,0.05,0.2299780964633348,0.06395350491548452,0.3240202500093881,0.13598571611039273
73,4.887321582691143,0.1962138499351224,0.05,0.2305833529915269,0.06384827353894532,0.3257117033771648,0.13477117931344637
74,5.573815829718049,0.19508101720215257,0.05,0.23136663062063684,0.06376850870346423,0.3276912610839474,0.13338939976554176
75,6.051016122602823,0.19402585524150837,0.05,0.23197085070332896,0.06375903683495238,0.3294939516233271,0.1320280701597118
76,4.634769882288305,0.19321808537090923,0.05,0.23230365262202146,0.06376503491427031,0.33076306365271857,0.13094804420237616
77,5.582906773533163,0.19226370259084707,0.05,0.23283152230847742,0.06379175536381186,0.33252663446050823,0.12972667914580321
78,5.757694980783781,0.19103745925631496,0.05,0.23363585531340275,0.06370841645492052,0.3348457739477486,0.12820966607165787
79,4.650563989466854,0.19013112047777386,0.05,0.2339339961643679,0.06369779842547474,0.33615483569672305,0.1271068139856358
80,5.518789219503314,0.1890726602341984,0.05,0.23462190056115945,0.06369063521243273,0.33809745836763777,0.12577348533173704
81,5.036598141074102,0.18809603350919596,0.05,0.23512906441412643,0.06367204669221956,0.3397356133000735,0.12453244451084786
82,4.6990415458769865,0.18722691118133247,0.05,0.23548829686896738,0.06364839248947926,0.3412375100020084,0.12342837458643396
83,5.487198546887174,0.18630486789544504,0.05,0.2360178855622077,0.06368665585285148,0.3429670530374575,0.12218921533906647
84,4.652520134477647,0.18551965653893343,0.05,0.23639081853233793,0.0636818381534643,0.3442592178789861,0.12113272805259853
85,4.117206759655487,0.18471551640220474,0.05,0.23683114962082993,0.06367992639208798,0.3455523411052251,0.12014131561692365
86,4.924440562861751,0.18380640600989814,0.05,0.23741108411662762,0.0636474203171621,0.3473485348890514,0.11892884835407154
87,5.3371771616737815,0.1830752663620792,0.05,0.23771765679115786,0.06371245677243152,0.34861835922498935,0.11786807579305636
88,6.072283229429833,0.18206893303064545,0.05,0.23832637587099523,0.06375629583058982,0.3506254732701874,0.11651155009275345
89,5.9475844943287735,0.18089356868531306,0.05,0.2391148866656776,0.06361618947921764,0.352819675662362,0.11500034611131328
90,5.633800197869378,0.17982956013285742,0.05,0.23965667333981489,0.06358155505652949,0.35451875322914944,0.11367439164722024
91,5.23113908087096,0.17889636362563088,0.05,0.24010107308183773,0.0635384767792599,0.3562065808571945,0.11243410303879905
92,5.393657755447472,0.17797184490423298,0.05,0.24058885159510612,0.06353819738706463,0.3578434979996159,0.11121463102571419
93,5.1463368442559,0.17698504372353172,0.05,0.2412078397579088,0.0634695226889453,0.35962663659958355,0.10993218043416758
94,4.934510912708275,0.17599027517487764,0.05,0.24178920219797465,0.06337896702370521,0.3613804176137237,0.10866668777007325
95,5.964178845739601,0.17486297220482636,0.05,0.24249898809290998,0.06331040035336748,0.3635104524120175,0.10721259839986294
96,5.184072338542368,0.1738373969638299,0.05,0.2430600093962433,0.06320095943586744,0.3653314562667241,0.10586277760535667
97,5.159759582511475,0.17287850122009155,0.05,0.2435724690166939,0.06316267339590029,0.36693574196108664,0.10462876099037484
98,5.38047763932149,0.17174646666967397,0.05,0.24427844161331835,0.06305557161219343,0.3690748675801184,0.103209388975756
99,4.6282055877625465,0.1708228845304231,0.05,0.2447388092493646,0.06293958149550208,0.37063948860015644,0.1020077053449978
100,5.143132076152508,0.16980333299308725,0.05,0.24535775668076046,0.06288200619393702,0.37247892163469215,0.10071683763125712
101,5.799620049479009,0.1687636970969966,0.05,0.24595761239566616,0.06285365988146764,0.3744130542890106,0.09933904620762969
102,3.7204404594506975,0.16802327004517864,0.05,0.24619583100697753,0.062811559044538,0.3754535017372462,0.09840277135198125
103,5.356872533061039,0.16705685737773487,0.05,0.2468351613004055,0.06278360455486891,0.37745951305506853,0.0971096144692183
104,4.356411128845396,0.16623233356964567,0.05,0.24718415722093182,0.06275160259331347,0.3787756821193244,0.09605936350972215
105,5.98060782802114,0.1651493612961928,0.05,0.24793385906127224,0.06271537819887782,0.3808669547466243,0.09467387401437903
106,4.917300232349332,0.16410438383758577,0.05,0.24850002258703074,0.06259280325935368,0.38269915596611476,0.09336641621601634
107,5.9270727898689195,0.16304390242746872,0.05,0.24909627427563383,0.06252169466993557,0.3847685546241393,0.09194631084437571
108,6.406423734629336,0.16191231520572927,0.05,0.24970510798594356,0.06249200950385054,0.3868803551581639,0.0904572873529787
109,3.3959137338062035,0.16102804649794142,0.05,0.25002110223145096,0.06234477579002924,0.38810795535802567,0.0894574746202602
110,4.641414214186228,0.16012881943856075,0.05,0.25059804470219477,0.06228087161648981,0.38977187887751297,0.08831920070053266
111,5.159917763991357,0.15919214170514126,0.05,0.25110712173641686,0.062278726265828914,0.39140620345600774,0.08714834364397529
112,4.669372676715004,0.15834551270386252,0.05,0.2514512765413454,0.06229150664805204,0.39289767366465933,0.0860626124565104
113,3.4918859908887776,0.15770890457963058,0.05,0.25161800156125075,0.06228891705061297,0.3938757381776615,0.08526749396919885
114,3.2103353480920775,0.15706104653866382,0.05,0.25196247389498305,0.06226580562726482,0.3949582328920761,0.08449233354036832
115,5.60477127537295,0.15621549415208186,0.05,0.2525277987539343,0.06231959969110928,0.3966984790038664,0.08334823447828958
116,5.857747018548057,0.1552054365187055,0.05,0.25316365732359575,0.06225606269657015,0.39862317897609956,0.08203327506458497
117,5.06845915813938,0.154242775384934,0.05,0.2536706443570181,0.06222014943928963,0.40025170882938454,0.08080798166223514
118,4.756142524464628,0.15341569716100326,0.05,0.25406514254969387,0.06220014697139881,0.40159031565906206,0.07975293548722046
119,3.714570927287452,0.15282868888449017,0.05,0.2542610683793736,0.062233050686815644,0.4024115382331097,0.07899441806272063
120,4.37057916717073,0.15205843114489054,0.05,0.2548039320654257,0.06218216310835018,0.4040207573926001,0.07795006983457839
121,5.252634394939522,0.15125546720628538,0.05,0.25522604590499964,0.06221882715650703,0.4055195830004069,0.07685109811586537
122,4.806763873738366,0.15045311112574128,0.05,0.2556747493969299,0.06215330970521886,0.40690946387668947,0.07581680635041689
123,4.552126596656229,0.14960623788834557,0.05,0.2562544222909866,0.06205063388647339,0.4083372800585407,0.07477120762063202
124,4.666932560225026,0.14874169444602844,0.05,0.25680654328600816,0.0620049877685424,0.40982816454495463,0.07368252310405884
125,3.9211812128271926,0.1480324923605852,0.05,0.25717105944467017,0.061934806331316136,0.41094376609951794,0.07278835811461352
126,6.092278847542497,0.14704794331676307,0.05,0.25798758077701023,0.0618839832810173,0.4129747792067086,0.07143564150877957
127,5.133460960233399,0.1461292723115852,0.05,0.2585552902719812,0.06178149833038065,0.4145588438045481,0.07019465051651702
128,4.518501030398799,0.1453283694894012,0.05,0.2590042277057718,0.06172169733397768,0.4158697503973491,0.06912520542553544
129,5.012093543809726,0.14446888479545528,0.05,0.2595220012504144,0.06172021744015127,0.4173693402008873,0.06801281822421945
130,4.872712154958848,0.14372075607200044,0.05,0.2598237930417931,0.06175912280875149,0.4186068552870897,0.06704213906320995
131,4.1736445380452825,0.1429598914009477,0.05,0.26023841426061267,0.061737673687928075,0.4199204348619935,0.06608434132927331
132,5.788983683206211,0.14174911693249262,0.05,0.2612352405330178,0.06159447042115498,0.42236104357587917,0.06456419272864337
133,5.674960493699535,0.14067845262081197,0.05,0.26190481025479473,0.061432746985984395,0.42428763464920227,0.06312299198433298
134,4.7575187501112195,0.13973683878223678,0.05,0.2623449318399755,0.0613560891165496,0.4257859192947696,0.06194304495895416
135,4.819807455500423,0.1388726614047345,0.05,0.2627919510679779,0.061331257929323195,0.42718150214754796,0.06087686466444986
136,3.4528327648663835,0.13810594959967348,0.05,0.26319003471852565,0.061242416750145905,0.4284291168099971,0.05994923494906994
137,4.256502969632263,0.13742058975035057,0.05,0.2636184891163882,0.06122374208277633,0.4297163476954704,0.05898005852255537
138,6.41774204723478,0.1363113502849211,0.05,0.2644855565685826,0.06116848102805862,0.43204201422177985,0.05748183816436679
139,4.36564029208506,0.1354535055395942,0.05,0.2648448736979042,0.06106641129022809,0.43330337341171515,0.056403096183996596
140,6.354487471920127,0.1342488552357595,0.05,0.2657650498012531,0.061012966383565966,0.4357476258688705,0.05481109788702107
141,5.082410860455498,0.13317490110039648,0.05,0.266361379608382,0.06085641121559307,0.4374443290129949,0.05348463291747621
142,5.059112006984461,0.13206269285450994,0.05,0.2671844230782165,0.06069065043523348,0.4393785511432021,0.0520824153792307
143,5.37625075498841,0.1310758151585594,0.05,0.26778265086191977,0.06062467994551625,0.44100272253359596,0.05079723222551657
144,5.223541882542575,0.13005076315292943,0.05,0.268457027354365,0.060562190123325234,0.44278688856925635,0.049469782890986545
145,4.754524045368466,0.12906338714369733,0.05,0.26897727599901483,0.06054428531900131,0.4442978395827938,0.04829376252729646
146,5.567235186913055,0.12810023054900715,0.05,0.2695763362579667,0.06054599861035864,0.4460024225288864,0.04703524040476299
147,5.7444715727413955,0.1270658139013543,0.05,0.2701989390532982,0.060503352958544025,0.4479705783907629,0.04564976042607652
148,4.502050741528813,0.12608495967266403,0.05,0.27074585021653835,0.06038946953954088,0.4496238091155424,0.04440501105778868
149,5.363406683274659,0.1250540688369875,0.05,0.27137026519352914,0.060341695311409864,0.4515054258552515,0.04306957542183741
150,5.002821584725129,0.12412579456640592,0.05,0.27187717806254746,0.06025019573971134,0.4531704112072476,0.041826463132883365
151,4.068230116594652,0.12330576190354489,0.05,0.27221868568955,0.06021100501211069,0.45455448466958237,0.04077234969578218
152,4.527638817097795,0.12244107333238674,0.05,0.2726840885605003,0.060226362791721146,0.45605380357833714,0.03968812453994055
153,4.310306500270923,0.12162140273450912,0.05,0.27309584525753383,0.060197739960670356,0.4574734153462267,0.038655016556878224
154,4.4589377916244946,0.1207889463840224,0.05,0.2736343675262047,0.06013155029733371,0.45889408033981605,0.03760870849525753
155,4.265081434617632,0.12001089637736416,0.05,0.27408983039133133,0.06008494996517683,0.46019708285506433,0.03661917009790467
156,4.435284416403089,0.11919145225547986,0.05,0.27456149482605413,0.06006349898224544,0.46162087903971005,0.03559761291124188
157,6.218466273296927,0.1181829327126252,0.05,0.27529356795263726,0.060045599600080414,0.46366700579637893,0.0342114546171946
158,5.473860848906899,0.11722625699388067,0.05,0.2758085858650058,0.0600112479805141,0.465244664450822,0.03296824393533625
159,4.456177236290495,0.11651133484566632,0.05,0.27614533500671656,0.06000479914185545,0.46632819415423304,0.031997806270875714
160,4.214076013784087,0.11576169538874427,0.05,0.2766085770707208,0.0599409766091274,0.4675996605285622,0.03105244943322742
161,6.46676322083791,0.11474689529247326,0.05,0.27737598362238214,0.059914270196254234,0.46974859916672057,0.029642824352321146
162,4.338020859340229,0.11388741018754482,0.05,0.2777538894966405,0.05984651186913016,0.4711026946113266,0.028536337681270008
163,4.828432849294608,0.11296470916098794,0.05,0.2784076746539561,0.05968726961395455,0.4728150256447533,0.02734156113458268
164,5.812284361386605,0.1119037853290291,0.05,0.27918790400757076,0.05954450805247773,0.47495081271375567,0.02588860473490349
165,6.036445287819193,0.11067803109925928,0.05,0.2799368611523767,0.05940977897360274,0.47715990569890687,0.0243640696026467
166,6.018104282374396,0.10948600879399671,0.05,0.28059810388791934,0.059333096520105044,0.47926962717721705,0.022851434576588697
167,6.314440050089277,0.10828073239646621,0.05,0.2812987874076962,0.059273326581390035,0.4814054544593616,0.021310141148264156
168,6.09525508693415,0.10712441397011112,0.05,0.2819617270759778,0.059244639756743524,0.48337824445860667,0.019814902872599
169,4.3285808139819695,0.10615660352842804,0.05,0.2823897218636049,0.059157282248998126,0.48477960363728645,0.018680938345554326
170,5.00593747666334,0.10521679834366887,0.05,0.28302704203439955,0.05912789998944732,0.4864245182368398,0.01745799940127617
171,4.173980149993113,0.10432765024703029,0.05,0.28348283716927997,0.059061844141443456,0.48781133111258873,0.01640343936565606
172,5.179971772668059,0.10331604429988474,0.05,0.28421298650545224,0.0590315331689707,0.4896297722645054,0.015123349843619455
173,4.972330008803786,0.1025351377649876,0.05,0.28462131909764177,0.05902348937761699,0.49096781041658794,0.014005234918374741
174,5.089632810852683,0.10161610477506886,0.05,0.28520618804374903,0.05898883676645243,0.49259626582128163,0.012816917138364884
175,6.267544787260521,0.10044599342946305,0.05,0.28603987998919517,0.058990861597688765,0.49475216021479335,0.011312602494948788
176,4.6933268097734855,0.09957517598285749,0.05,0.28642964587458986,0.05890073930494477,0.49605324187982014,0.010196243425060402
177,4.9253793477323455,0.098595923949908,0.05,0.2870147217637626,0.058912978388724745,0.49775933574574,0.008976543666693327
178,5.0264384152437165,0.09763410129021041,0.05,0.28760655390409684,0.05890360454029502,0.49945512711342627,0.007709090137448543
179,6.55470737484862,0.09665024880321317,0.05,0.2882700737730113,0.05884839639416573,0.5012429932604912,0.006369834408160401
180,4.152714706540169,0.09590064240808532,0.05,0.28862520191857716,0.05881604878092148,0.5022718634286244,0.0053998540187413105
181,7.048436387889105,0.09479334848897635,0.05,0.2895295709137668,0.05887257552704734,0.504633402774037,0.003807778230401744
182,4.1847512707807475,0.09390702102112568,0.05,0.28992401525134515,0.058699950612848974,0.5058738062721444,0.0027245886473296213
183,3.7975886298610333,0.09326496156101549,0.05,0.29020945817578736,0.05870658155440547,0.5068320625884367,0.0018794000895001714
184,4.575263254311897,0.09240137924857587,0.05,0.2908874111539076,0.0586572518629735,0.5084258541068862,0.0007778121585135717
185,5.385022255715982,0.09134968785500436,0.05,0.29134775336764995,0.058519931732295895,0.5101201245089808,0.0
186,4.755563899860837,0.09032771504011046,0.05,0.29162385942326946,0.05824127901851956,0.5111130198735873,0.0
187,4.809799224378982,0.08928977992100132,0.05,0.29189192580977763,0.05799437075863216,0.5121486747915847,0.0
188,4.959871279586143,0.08838904492353544,0.05,0.29199624026145055,0.05777622105178449,0.5130852487158137,0.0
189,5.046967203394129,0.0873900963097507,0.05,0.29219063296623277,0.05756149818453929,0.514178977312284,0.0
190,5.347777386618325,0.08620986273841934,0.05,0.29246364088137833,0.05727071808690822,0.5155895127197169,0.0
191,5.324640941817529,0.08494509792483648,0.05,0.29273854815119676,0.05693299514164482,0.5169911081367843,0.0
192,4.277210860034091,0.08389844078469527,0.05,0.2928840090753713,0.056559902222439874,0.517972132374827,0.0
193,5.054355535058278,0.08272318372176564,0.05,0.2932071393095368,0.05619187849361384,0.5193910906423564,0.0
194,4.398815724883832,0.08172527399101831,0.05,0.29330608356798277,0.05592054370408153,0.5203608616675912,0.0
195,3.877205143494594,0.08095325418293507,0.05,0.29331635864940236,0.055698801568712014,0.5210879581707617,0.0
196,3.9672261468560674,0.08007529331689456,0.05,0.2935002373989431,0.05544611768187529,0.5221059367585237,0.0
197,4.44782738494909,0.07916745603203887,0.05,0.29364887075319906,0.05518521594888731,0.523167935107238,0.0
198,5.549208648939876,0.0779006359828672,0.05,0.29412603394172404,0.054740628103445876,0.5249045073966807,0.0
199,4.986668552659493,0.07669984227584263,0.05,0.29432969671965403,0.05428645553590794,0.5262388096694904,0.0
200,5.061080935531374,0.07539531389242121,0.05,0.2946440833904665,0.053807175286566214,0.5278281330052349,0.0
201,4.818916879270745,0.07429813501170825,0.05,0.2947436913921179,0.05346391077887123,0.5289546672034985,0.0
202,3.621476387691493,0.07346248809803622,0.05,0.2947139859813908,0.05319316944777526,0.5297098116240043,0.0
203,6.024070644360432,0.0722390249235325,0.05,0.2950102217436513,0.05289484536114469,0.5314607923559781,0.0
204,4.946126433177494,0.07100883924628858,0.05,0.29525993019141455,0.05249193610400965,0.5327769792431968,0.0
205,5.077303842324833,0.06975799371987063,0.05,0.2955095707397481,0.05204267681161127,0.5342763418449624,0.0
206,5.013380134227153,0.06854731589316634,0.05,0.2957584884951108,0.051670488836957136,0.5355783136189342,0.0
207,5.881453297536635,0.06716843375592813,0.05,0.29607900218873456,0.05120310294092078,0.5373823661617736,0.0
208,3.924413006329715,0.0660883623072203,0.05,0.29615958576672474,0.05078781725920608,0.5383075897120877,0.0
209,4.17632463351268,0.06515380896708632,0.05,0.2963204080508504,0.05046787346476379,0.5393134518398071,0.0
210,4.863285749389291,0.06409533282366785,0.05,0.2965826783647975,0.05015662824649351,0.5405343199040017,0.0
211,5.472204240513781,0.06287438189214238,0.05,0.29691335887864484,0.0497539491885684,0.5420638913319488,0.0
212,4.610376000442185,0.061861351231501556,0.05,0.29697505091436055,0.04942954240897602,0.543053354653134,0.0
213,4.915380652827344,0.06051461337564681,0.05,0.29731712871332966,0.049004305807949566,0.5448165114118789,0.0
214,4.947760314637131,0.0594380770218917,0.05,0.29746068954180366,0.0486729613496382,0.5458672475524011,0.0
215,5.9484321798437785,0.05835569342477763,0.05,0.29750842319560517,0.04842873559109269,0.5471830502831189,0.0
216,4.680972585633795,0.057313700206663765,0.05,0.2975865671479017,0.04818913039821405,0.5482979807547033,0.0
217,5.360223501161158,0.055900257780586285,0.05,0.297944490958216,0.04774905429844368,0.5501698754113947,0.0
218,5.453506067064674,0.05457895022467712,0.05,0.298138429728994,0.04736104709351281,0.5515833219870531,0.0
219,4.792739030826728,0.053218379138975994,0.05,0.2983960603803099,0.04695362625292193,0.5531275807626279,0.0
220,4.887495960261271,0.05205409567861487,0.05,0.2984652204341787,0.046623383635732596,0.5543712953524871,0.0
221,4.685550140846062,0.05098429089608606,0.05,0.29861112717983357,0.04630632241560904,0.5554940896804721,0.0
222,3.89259142530859,0.05017277773305535,0.05,0.29859028568634816,0.04609227568767104,0.5562609591896805,0.0
223,4.664534129193706,0.049166639043892,0.05,0.29878443794783965,0.04581180395582327,0.5575732582963724,0.0
224,6.117001366828138,0.04791798844296462,0.05,0.29902313094003546,0.045471756697632065,0.5592379215659888,0.0
225,4.668003311787632,0.04674301163298957,0.05,0.29911255772762985,0.045095849907812506,0.5604970438552644,0.0
226,4.11010944104674,0.0458320571328412,0.05,0.29917110913008166,0.04481772088362251,0.5613845351703015,0.0
227,4.559020100817265,0.044620740379046425,0.05,0.2994670403970982,0.044466629785830734,0.5629722252600752,0.0
228,4.28080798970152,0.04355057032595016,0.05,0.2996592791992505,0.04398764134519089,0.5642947036438926,0.0
229,4.178700031870331,0.04268733362419343,0.05,0.2996735367512261,0.0437059189167937,0.5651196346956097,0.0
230,5.450770364387448,0.041499721149510324,0.05,0.3000730801111008,0.043340527820605976,0.566738130418272,0.0
231,5.44987475281656,0.04018862292124194,0.05,0.3003207015531235,0.04292661948129282,0.5682892595144055,0.0
232,4.860647694761379,0.038866005989378234,0.05,0.30058134419108984,0.04245034464129618,0.5698153046668403,0.0
233,5.473708399966543,0.03740556395589008,0.05,0.3009985540916286,0.04194195083112479,0.5715557950776381,0.0
234,5.320500925838801,0.03595395356809171,0.05,0.30134186280260394,0.041448216023755105,0.5731177334397769,0.0
235,5.473806562492074,0.034648339532224945,0.05,0.301555922593358,0.041008818858770085,0.5744820569345191,0.0
236,4.555728183789663,0.03355979639733064,0.05,0.3016285294382133,0.040669546443852095,0.5755673001045456,0.0
237,5.351302062439967,0.032174689535263395,0.05,0.302079488732527,0.04024067843276497,0.5772875175728402,0.0
238,4.530118509922886,0.031113657639039564,0.05,0.3021015322758848,0.03991330224912389,0.5782713960539807,0.0
239,5.10165413848459,0.02996769828496752,0.05,0.30235181047458387,0.03956369425781424,0.5796889760676279,0.0
240,5.2497825057764365,0.02873983734808022,0.05,0.302578872258756,0.03917523441820068,0.581143617036067,0.0
241,5.896440234317472,0.027324277325301276,0.05,0.3028989733635289,0.03875766214502098,0.582875391702167,0.0
242,5.159870105420121,0.026165524382873753,0.05,0.3030109697164802,0.03835128330222054,0.5840405774693351,0.0
243,4.269853272776058,0.025126082226027534,0.05,0.3031466077102889,0.03797098338299072,0.5851706807739341,0.0
244,4.529038247978601,0.024081633349374,0.05,0.3033206256276807,0.03765513419833077,0.5863425168453444,0.0
245,5.687098334432048,0.02275055916341457,0.05,0.3036481235549066,0.037287749416431606,0.5880530149604013,0.0
246,5.995940873840884,0.021166260083197424,0.05,0.3041436762672587,0.03671474582251327,0.590016275777421,0.0
247,5.621780587625957,0.019626356175893492,0.05,0.30449525871176825,0.036150862701850944,0.5917282282387851,0.0
248,3.111411005326999,0.018661271256770907,0.05,0.3044683307195754,0.035746545665818266,0.5923323019129401,0.0
249,4.319282889601857,0.01770886231189648,0.05,0.3046846396569947,0.03550673128336358,0.5933990326148179,0.0
250,4.034240891323742,0.016960541622304114,0.05,0.30470723277772016,0.035324833286042405,0.5940661334673221,0.0
251,5.770255187226815,0.01563010170326415,0.05,0.30520131191479544,0.03494172025978869,0.595969674422765,0.0
252,4.214761493438683,0.014770514813893947,0.05,0.305170570796874,0.0346558861421847,0.5965993996834779,0.0
253,6.016144199463033,0.013611830066506396,0.05,0.3054693703942996,0.03443603997312316,0.5981090467256219,0.0
254,3.010698102293576,0.012825355453144277,0.05,0.3054432703908486,0.03410650396152787,0.5986548193598906,0.0
255,5.287182247617199,0.011880063638133733,0.05,0.30569791944594954,0.03387348730424395,0.5999674585442113,0.0
256,5.104213410195045,0.010758233899771113,0.05,0.3059808656485711,0.03352862667214691,0.6012668254530465,0.0
257,4.951616150498329,0.009646039949249955,0.05,0.30624128259302613,0.03310296780960264,0.602521719348409,0.0
258,4.664066127921619,0.008599709484577481,0.05,0.30650499220221156,0.032706237763063126,0.6036027840401157,0.0
259,4.220513842014263,0.007572306233967912,0.05,0.3067101153253705,0.032375737790690966,0.6047030098968198,0.0
260,4.7830666630461645,0.0064637268417752905,0.05,0.307068157207186,0.03198942317762563,0.605996910215298,0.0
261,4.900672437842465,0.005329738910897023,0.05,0.3073700162292285,0.03162161694689242,0.6072244116389364,0.0
262,4.684428921246402,0.004357919964151808,0.05,0.30751456302500463,0.0312854644564932,0.6082075543988221,0.0
263,4.347032781518321,0.0033930358700337048,0.05,0.307682088125388,0.030958822407617343,0.6093098579165537,0.0
264,4.383978311687416,0.002254967554731669,0.05,0.30803029533906545,0.030531049543500666,0.6107316789039174,0.0
265,5.540469226115453,0.0011729332846796667,0.05,0.3081832425185869,0.03021984217767682,0.6119196907762008,0.0
266,5.670548402884802,0.0,0.05,0.30846417482744026,0.029764824776787498,0.6136054652477199,0.0
267,5.082119370990376,0.0,0.05,0.308337978827819,0.02906646861674289,0.614458470630215,0.0
268,5.317745606329948,0.0,0.05,0.30827905012476553,0.028222302293733695,0.6155827609846614,0.0
269,6.3564520480165525,0.0,0.05,0.3081654750057128,0.02730312785802295,0.6169657307037746,0.0
270,5.684150256125851,0.0,0.05,0.3079121248822066,0.02639949307468497,0.6178660710344863,0.0
271,5.111983922078141,0.0,0.05,0.30773556612292186,0.025556270668279917,0.6188231082823034,0.0
272,3.483006513763771,0.0,0.05,0.3075279305161417,0.0247729247127992,0.6193768748578163,0.0
273,5.379211594946595,0.0,0.05,0.30755837602825514,0.02396430921704863,0.6206911146908198,0.0
274,5.358707763586021,0.0,0.05,0.3074606046913605,0.023031801098268752,0.6217278373712924,0.0
275,6.240166505662692,0.0,0.05,0.3074797669557447,0.02195928391995632,0.6231570142063407,0.0
276,3.9705930907805493,0.0,0.05,0.30716684426871077,0.021127265985957572,0.6235593087221039,0.0
277,4.801317127903106,0.0,0.05,0.3070490898742888,0.02049754410785954,0.6242499855015206,0.0
278,4.283563049202532,0.0,0.05,0.30681731193042083,0.019945098310581492,0.6248345166980852,0.0
279,5.7543572567388726,0.0,0.05,0.3068168029794733,0.01926012867970588,0.6259988784704444,0.0
280,4.726628464639148,0.0,0.05,0.3065289330769345,0.01868406223606121,0.626468857153602,0.0
281,5.685934829244771,0.0,0.05,0.3064489295097336,0.018000791843702547,0.6276126850276211,0.0
282,4.425778217392657,0.0,0.05,0.3063042333978948,0.01714879474671782,0.6285926065529016,0.0
283,5.249275838555291,0.0,0.05,0.3060856098574795,0.01642803519332281,0.6294290049505138,0.0
284,5.2329702804368585,0.0,0.05,0.30605664353258155,0.01555941992506598,0.63054393812146,0.0
285,4.582596756003814,0.0,0.05,0.30587063895878575,0.014803263555312585,0.631233645722162,0.0
286,4.24711291729582,0.0,0.05,0.3057041296046631,0.0142430111667812,0.6316637479128546,0.0
287,3.819259052599334,0.0,0.05,0.305620145812498,0.013680984603347953,0.6322414209945662,0.0
288,4.215807260648436,0.0,0.05,0.30551934334801883,0.013094988285055703,0.6331233722267542,0.0
289,4.82299196380888,0.0,0.05,0.30544627746081515,0.0123476112140526,0.6341225883898278,0.0
290,4.796485574331314,0.0,0.05,0.3053858863077403,0.011521955406781303,0.6351792691617475,0.0
291,4.974062553002438,0.0,0.05,0.3052543374518753,0.010635807427733292,0.6362941464572969,0.0
292,4.621052879760736,0.0,0.05,0.305055538371639,0.009908299330909196,0.6368842325365677,0.0
293,4.7419980053733735,0.0,0.05,0.30499863710172326,0.009196155207553618,0.637741920655751,0.0
294,4.954291821002747,0.0,0.05,0.3048449642557915,0.008577983594654821,0.6384338992329908,0.0
295,6.172211571489751,0.0,0.05,0.3048690952579048,0.007689535890921074,0.6397566135194621,0.0
296,6.214574236737248,0.0,0.05,0.3048213657658619,0.00667738249720543,0.6411301011106525,0.0
297,6.062840758209755,0.0,0.05,0.3046125592580765,0.005755336213926631,0.6419989161092027,0.0
298,4.771855386411407,0.0,0.05,0.3043801381329499,0.005023399934487553,0.6425259207985841,0.0
299,5.483803870296106,0.0,0.05,0.3042765957897852,0.004347659867523303,0.6433714387638941,0.0
300,3.278395417865177,0.0,0.05,0.30396366489882215,0.003832950345136598,0.6435078467039268,0.0
301,4.916431045004587,0.0,0.05,0.30404825936244656,0.0032234280033586436,0.6446119328601909,0.0
302,5.249343423133892,0.0,0.05,0.30407938324636186,0.002363149873945187,0.6457999171034643,0.0
303,5.361196442879834,0.0,0.05,0.30378825948792704,0.0017282762791602851,0.6463347999951983,0.0
304,4.373448315419912,0.0,0.05,0.30373709462663223,0.0009956700276813014,0.64717346905825,0.0
305,5.638132941815873,0.0,0.05,0.3036698072694021,0.00036350863277695954,0.6479741686793957,0.0
306,4.371006893110107,0.0,0.05,0.30344449177415983,0.0,0.6485496575377677,0.0
307,4.4378532582500805,0.0,0.05,0.3030605926524262,0.0,0.6488291467457907,0.0
308,5.442011145851979,0.0,0.05,0.30280145360236393,0.0,0.6497092181016841,0.0
309,4.03783609141196,0.0,0.05,0.3023086855768487,0.0,0.6500003183263161,0.0
310,4.887944578190087,0.0,0.05,0.30185326936962015,0.0,0.6503334935196148,0.0
311,4.412909993641108,0.0,0.05,0.3013716602518857,0.0,0.6507392501558615,0.0
312,5.437980310507443,0.0,0.05,0.3011108629234979,0.0,0.6516724700538925,0.0
313,5.124638088685885,0.0,0.05,0.30058937223398374,0.0,0.6521255564999761,0.0
314,5.172820322663956,0.0,0.05,0.30009656346436264,0.0,0.65281032362141,0.0
315,5.40614744892906,0.0,0.05,0.2995136468092623,0.0,0.6532708720960086,0.0
316,5.319546524658515,0.0,0.05,0.29896091424383336,0.0,0.6535443572431864,0.0
317,5.465075080267689,0.0,0.05,0.2984506857746675,0.0,0.6540447088413379,0.0
318,4.674520186269165,0.0,0.05,0.2978743756317296,0.0,0.6543127221645163,0.0
319,5.259814846864447,0.0,0.05,0.29749305016306377,0.0,0.6551492883325808,0.0
320,5.33038858864187,0.0,0.05,0.2970121050050036,0.0,0.6558826697751001,0.0
321,4.146224956644718,0.0,0.05,0.29646534671862224,0.0,0.6562512373398378,0.0
322,5.248882532124683,0.0,0.05,0.2958851318793472,0.0,0.6565917584900874,0.0
323,4.098868400742152,0.0,0.05,0.2954456819227894,0.0,0.6569134418736683,0.0
324,6.613205598438565,0.0,0.05,0.29514721247483366,0.0,0.657964528506317,0.0
325,5.427139399737258,0.0,0.05,0.2945033105891606,0.0,0.6583614687163409,0.0
326,5.529707308611211,0.0,0.05,0.2938527674696747,0.0,0.658923654679285,0.0
327,4.63938013705099,0.0,0.05,0.29334371313815943,0.0,0.6594957000229523,0.0
328,4.172920087605837,0.0,0.05,0.2926828994476947,0.0,0.659452085692461,0.0
329,5.070064259039928,0.0,0.05,0.29234359042215324,0.0,0.6598847785502987,0.0
330,5.0982522726462065,0.0,0.05,0.2918914053747098,0.0,0.6603244519056345,0.0
331,4.174685254235394,0.0,0.05,0.29134860114881317,0.0,0.6605141689801737,0.0
332,4.33155832973016,0.0,0.05,0.2910003205173006,0.0,0.660907701637448,0.0
333,4.990553239152969,0.0,0.05,0.2907300439726656,0.0,0.6616480999725932,0.0
334,4.193816120671581,0.0,0.05,0.29015147891880966,0.0,0.6618705556959441,0.0
335,6.214763970950156,0.0,0.05,0.28981582367765363,0.0,0.6628547411740682,0.0
336,5.1648561572276765,0.0,0.05,0.2892521491262087,0.0,0.6632766579480694,0.0
337,4.388710237931672,0.0,0.05,0.2885827989417341,0.0,0.6634194999406187,0.0
338,4.881377258771796,0.0,0.05,0.2882296431179073,0.0,0.6639322818939551,0.0
339,5.485065512384848,0.0,0.05,0.287844256718416,0.0,0.6644595165572553,0.0
340,3.518271969327985,0.0,0.05,0.28729432932500204,0.0,0.664673947736718,0.0
341,5.326874068180796,0.0,0.05,0.287045567472491,0.0,0.6653677824907779,0.0
342,6.905851618770632,0.0,0.05,0.2866442981990208,0.0,0.666455535783553,0.0
343,4.495450815361251,0.0,0.05,0.2859589408617586,0.0,0.6667506389674329,0.0
344,4.830017156473468,0.0,0.05,0.28537231514912914,0.0,0.6671384841050639,0.0
345,5.54095595486481,0.0,0.05,0.28489649300085723,0.0,0.6676306389497562,0.0
346,3.967956554078143,0.0,0.05,0.2842705124634665,0.0,0.6677847441210016,0.0
347,3.73060216114546,0.0,0.05,0.28376098634272806,0.0,0.6678060357004151,0.0
348,5.214036708305856,0.0,0.05,0.2835165078776767,0.0,0.6685471393625566,0.0
349,4.299572455232588,0.0,0.05,0.2830540850029594,0.0,0.6690390477381778,0.0
