round,reward,w0,w1,w2,w3,w4,w5
1,6.088047433255378,0.2554288690583103,0.05067463094365318,0.19520754589544673,0.05798606947919717,0.22615028231169632,0.21455260231169632
2,6.121490324353073,0.25529956262792936,0.051289749663795146,0.19510227410667133,0.057954303442373054,0.22600649141523252,0.21434761874399863
3,6.211146938011761,0.25514732018127806,0.05180545989106271,0.19505665825152638,0.057956248230317454,0.22591021601854028,0.21412409742727517
4,5.260705265180857,0.2550324217901036,0.052180961871320916,0.1950217882614009,0.057966912796369056,0.22584899947314435,0.21394891580766115
5,5.212996080175789,0.25491312440208597,0.05248571520172132,0.19500327331162054,0.057987555243452255,0.22584110587962236,0.21376922596149767
6,5.41199832084334,0.2548029215501386,0.05274907136606872,0.1949958193786187,0.05801070538948164,0.22584931380409382,0.21359216851159846
7,4.944860489657414,0.2546805861403685,0.05292908003974409,0.19501990624477325,0.05804144325774239,0.2259208948757867,0.21340808944158515
8,6.186830114470701,0.2545534293359492,0.05311033009123463,0.1950594624593275,0.05807514901854868,0.2260027739132482,0.21319885518169182
9,5.905408892635196,0.25442204367989874,0.05324282914166661,0.19509375682058733,0.05811088391866085,0.22612989148923263,0.2130005949499538
10,5.623209216105949,0.2542756989328328,0.05331021888228162,0.19516238242287098,0.058150342133373716,0.22631881823107566,0.21278253939756514
11,6.214848675498934,0.25412631655331086,0.05336398303881737,0.1952253749562885,0.05819969855198943,0.226521424073681,0.2125632028259129
12,5.7437511325326245,0.25398473976106767,0.05338232251487234,0.19530153800640326,0.058253023239472,0.22672363315456084,0.21235474332362395
13,6.1004275278097095,0.25383818234703726,0.05337218801909041,0.19538156414133842,0.058310991476665866,0.22696507702905303,0.212131996986815
14,6.661670951911444,0.25366839785529244,0.05332422985216447,0.19549129285838512,0.058364625449457794,0.2272726622065015,0.21187879177819868
15,4.874766924285784,0.2535469508904405,0.05328102830012037,0.19556951608858095,0.05841499985658101,0.22749399902530212,0.21169350583897503
16,4.752867371744128,0.2534210853653649,0.05322131121323409,0.19565071749567758,0.05846514067954601,0.22773387180675078,0.21150787343942673
17,4.91681160092646,0.2533004555978711,0.053160025233927904,0.19572555302950084,0.058516358307432924,0.22796661782784947,0.21133099000341785
18,5.398916152658604,0.2531562001572626,0.05306309392733662,0.19583140762690643,0.058564206421383484,0.22826405329734664,0.21112103856976433
19,6.452574222646361,0.25302040652084057,0.05296432388770627,0.19592339313668278,0.058630844816631666,0.2285532035560384,0.21090782808210043
20,6.224130639291247,0.25287077546939146,0.05283529656540514,0.19604765185300838,0.058694323188200365,0.2288754422327647,0.21067651069122997
21,4.704121583225431,0.2527429076281375,0.05273123756180432,0.1961474204056107,0.05874439465879409,0.22913994896029918,0.21049409078535425
22,7.010715243402566,0.2525598921372894,0.052551780273789934,0.19630282978199576,0.058807744051049216,0.22955567460466475,0.21022207915121088
23,5.959891084951819,0.25241776199326943,0.052407902944926095,0.19642057257296922,0.05887279928372512,0.2298790095967345,0.2100019536083757
24,5.553361010748122,0.2522695078922294,0.052259632015035175,0.1965429101448333,0.05893572478966642,0.23020660644641103,0.2097856187118247
25,5.318471383714935,0.252127229826472,0.0521229412471986,0.19665999820890365,0.05899639783340611,0.23050629194906397,0.20958714093495567
26,5.662599242837742,0.2519562180186532,0.05194243843907818,0.19681713568328119,0.05905298116594825,0.23088479316010982,0.20934643353292945
27,6.383694667976145,0.25181079416689134,0.05177452643194474,0.1969440642205925,0.05911966697545059,0.2312313211656089,0.2091196270395119
28,5.735337453792683,0.2516592623467184,0.051606618546481985,0.19707275069510696,0.059181358971713165,0.23158144483500057,0.20889856460497883
29,4.959537635665192,0.2515323516446041,0.051464790378022506,0.1971778957687796,0.05923029281954473,0.23188569991594302,0.2087089694731061
30,3.975975203711193,0.25142726863057674,0.051347457746614616,0.19726684823841087,0.059270991520874276,0.23213871628747446,0.20854871757604904
31,5.597684610555109,0.2512766100234424,0.051164243019027535,0.1973953554544253,0.05932292039840418,0.23252095435213663,0.208319916752564
32,6.140005008185527,0.2511174148453719,0.050966389720246204,0.19753744493328107,0.059376572152183296,0.23292498518892737,0.20807719315999018
33,5.415025669856819,0.25096889441110476,0.050782182355841206,0.19767036047416026,0.05942912619822761,0.2332982764343927,0.2078511601262735
34,5.236185549947107,0.25081797037792375,0.050606168998829804,0.1978033994212662,0.0594759083091437,0.23366156814369043,0.20763498474914602
35,5.020417361952303,0.25069010047231133,0.050454601233626856,0.1979045961201306,0.05953524055737472,0.23397063922093442,0.20744482239562212
36,4.807222051547938,0.25055485896638363,0.050300849626608496,0.1980142558035968,0.05957982593857813,0.23429658353435437,0.20725362613047868
37,7.409015053335821,0.25036677504964655,0.050055092642694254,0.1981830560671743,0.059647725103185334,0.23477896216813998,0.20696838896915953
38,3.263708187515449,0.2502629258039024,0.05,0.19826088238351913,0.059684368939969784,0.23501288869719258,0.20682885409469354
39,4.6384319883767064,0.2501305647698185,0.05,0.19836989912117475,0.05971698641424104,0.23530669939915402,0.20663474019542544
40,4.146626750711976,0.24998842636928145,0.05,0.1984454723460891,0.059732548855976,0.23555440231016456,0.20643977757698784
41,4.261199722656378,0.2498390535458111,0.05,0.19852488474901178,0.05974596456040506,0.23581995907527922,0.20623796476024112
42,4.317148502914156,0.24970082179669514,0.05,0.19858857629960722,0.05976046479045122,0.23606036252165877,0.20604707208326395
43,4.953513511929936,0.24956231142628366,0.05,0.1986744483172076,0.059768851152614696,0.23633318222896116,0.2058373619382182
44,5.842217896447179,0.2494033113914072,0.05,0.19877222137843673,0.05978673928528318,0.23664227275411057,0.2055996279499137
45,6.432135485995575,0.249217486361503,0.05,0.19887816067932856,0.05979853956921135,0.23701844320128462,0.20532678502788862
46,6.2024967115309275,0.24901183985910932,0.05,0.19898136816036813,0.05980494503448801,0.23741629607662199,0.20503965504303967
47,7.120844134890978,0.2487984219876185,0.05,0.19909524172234508,0.059820732528879116,0.23782710813095048,0.20473260324021153
48,4.931741871602401,0.24860298576561754,0.05,0.19915311032147284,0.059821542081864416,0.2381510210331097,0.20448590791986698
49,5.025357403378075,0.2484622682002974,0.05,0.1991996749990198,0.05983864440776884,0.2383860685230961,0.2042836697925367
50,4.530300577870744,0.2483130550558733,0.05,0.19927358011350943,0.05985721129058871,0.23864820509883475,0.20407997305561965
51,5.7695472591297285,0.2481313282457227,0.05,0.19936998546027826,0.05987355965968687,0.23901959229530825,0.20382689226370523
52,5.448405164047484,0.24794924726162113,0.05,0.19945488287414062,0.059896383593004685,0.23934197002401747,0.2035764487883352
53,5.3627692736525665,0.24777817006711067,0.05,0.19954298722767597,0.059903656470830895,0.23965879535903764,0.20333074206047652
54,5.045703603771528,0.2476189007940725,0.05,0.19961584118720935,0.05991715703134423,0.2399309199100689,0.203108369107618
55,4.285731240946524,0.24746507785240052,0.05,0.19968270700783503,0.059918926351725764,0.24020373831961886,0.2029034540957434
56,6.701477876500896,0.24727590506445263,0.05,0.1998059461844945,0.05993693827136784,0.2405968258561453,0.20262836750861632
57,5.589394827950932,0.24710424968740688,0.05,0.19989290776465798,0.05994238464382756,0.24089776413728517,0.20238007767959942
58,5.235113313170767,0.2469431819113834,0.05,0.19996769518501725,0.059949511304982814,0.2411829951179146,0.20215295456720342
59,6.345433429423547,0.24672892112197659,0.05,0.2001026114852263,0.05994848408081651,0.241637332468606,0.20185241996130052
60,5.397296290188157,0.24655757288987334,0.05,0.20017313059339453,0.059954741163817375,0.24191829593390302,0.2016090338266941
61,5.323480298974754,0.24637888966041008,0.05,0.20026169353879103,0.05996053453177884,0.24223970697046243,0.20136883909265788
62,6.994590284601793,0.24617096571107352,0.05,0.20038781013643306,0.05997526802647665,0.24268201471154494,0.20106113336432685
63,4.6422216973458195,0.2459979196247141,0.05,0.20044436031401963,0.05997298581074134,0.24293892374901913,0.20083829701513323
64,5.971102458662729,0.2458196553958113,0.05,0.20053438412963412,0.059995373906547494,0.24328133529684445,0.20058861353712443
65,5.41505963391603,0.2456543320827917,0.05,0.2006168181805055,0.06000605511134906,0.24357171390403645,0.20035472767572654
66,4.307618186170183,0.24551686621009994,0.05,0.20067570570531548,0.06001813009101865,0.24378687764743495,0.20016349671125527
67,6.268769531250587,0.2453357691293978,0.05,0.20078915353985635,0.060047455344395734,0.2441585913752794,0.1999011938598323
68,5.794724523742705,0.24514273459073044,0.05,0.20088901656109293,0.0600537184670514,0.24453161504618504,0.1996270209460421
69,5.610088466054312,0.24495145091954196,0.05,0.2009826408598616,0.06005202075061012,0.24489615007703408,0.1993573796887804
70,4.459755378909013,0.24478987963444795,0.05,0.20105906998350595,0.06005351206163263,0.2451505816798756,0.19913720705303872
71,5.183744425390461,0.24462511043185206,0.05,0.20115079934011587,0.060063138423847674,0.24545023882638625,0.19890902087399126
72,4.803609665232391,0.2444951762232418,0.05,0.20120001420687927,0.06008794405370647,0.24565265248097218,0.19872170608933803
73,5.814324020326146,0.24433814434012724,0.05,0.20129086620748315,0.060117182119438485,0.2459741742427296,0.19848577597041853
74,5.485541839985036,0.24416811199509725,0.05,0.20137424399374984,0.06013242087440159,0.2462931592739628,0.19824405359068142
75,5.15168990887507,0.24401007307674896,0.05,0.20144150783495282,0.06015009601136789,0.2465722146151021,0.19802024219907516
76,4.482680002626384,0.24386019526255873,0.05,0.20150869254882103,0.060162393244589295,0.24683008997776676,0.19781462253781598
77,6.170244054069032,0.24366945634429543,0.05,0.20162505106223907,0.06017835408752184,0.24722042642914097,0.19754587259401807
78,5.293974701419011,0.24349324892242522,0.05,0.20170189531334093,0.060185245279354704,0.24753007413481048,0.1973029400196606
79,5.565258178862532,0.24333259709680777,0.05,0.2017740864824706,0.0602076153354752,0.247820659096435,0.19706925179607332
80,5.483617914091901,0.24315212803746866,0.05,0.20184748195002178,0.0602214385294827,0.24816855086802908,0.19682511153076163
81,4.4838472331106685,0.24298981170501105,0.05,0.20192296817168914,0.06022295427736574,0.2484555173917554,0.1966022418892507
82,5.321754809021155,0.24281040572430507,0.05,0.2020141521496822,0.06023566515271146,0.24879709858255572,0.19635779418308777
83,5.10920403380065,0.24263154304560633,0.05,0.20209518904276239,0.06023648815072647,0.2491383073241955,0.19611349270820927
84,4.026898735594709,0.24246567053393597,0.05,0.20216027287082539,0.06023471295151962,0.24942229118301168,0.1959006578837095
85,7.334870534439346,0.24226416089639352,0.05,0.20227546966583057,0.06026435744330212,0.24984535924307563,0.19561106012539328
86,5.828961382102983,0.2420714374011863,0.05,0.2023485463786942,0.060268428204019474,0.25019828418995005,0.1953476172860394
87,6.346306142796053,0.24189644364706625,0.05,0.20243199479342294,0.060288633480986745,0.2505272625361121,0.19508710330271536
88,6.368481995861887,0.24169399220411647,0.05,0.20253195938865173,0.06030595541172204,0.25092649546749574,0.19479983872345003
89,5.206215429351457,0.2415075604784638,0.05,0.20260680483205537,0.0603126959973998,0.25125930978444005,0.19454225169474998
90,5.8909814507403535,0.24132398941064312,0.05,0.20268678322283137,0.06032979335218754,0.2515912022188613,0.19429078545815662
91,5.269260981844315,0.24112584666193276,0.05,0.20279273763478087,0.06032955882734745,0.2519519089964817,0.19403093594151619
92,6.097157377418379,0.2409455420991976,0.05,0.20287898628188303,0.060351074837636416,0.2522872407522559,0.19376964127131935
93,4.809729889916336,0.24078682979744348,0.05,0.20294697620808816,0.06035983761482617,0.25254108010810233,0.19355308069373633
94,5.293643416688467,0.2406160326533546,0.05,0.2030307637111827,0.060367571670062486,0.252882625294321,0.19331368729261125
95,7.29890831912921,0.2403651021210918,0.05,0.2031985431874817,0.060372870574948626,0.2534071400399465,0.19297068300073025
96,5.257237164637148,0.2401649917619385,0.05,0.20327072734581889,0.0603658940069188,0.25373854079568886,0.19270096665641281
97,5.419170579910119,0.2399731652272315,0.05,0.2033634247939229,0.06037602991118022,0.25406713038323964,0.1924463373433165
98,5.258373147454953,0.23978396077826927,0.05,0.20345550340893143,0.06038681623019554,0.254406879558954,0.19219234342874544
99,5.044381317666506,0.23961499275683357,0.05,0.20352557144049246,0.06040482455070891,0.25469542164196063,0.19196154677342012
100,5.298007647922318,0.23944620885057866,0.05,0.20360499103724286,0.06042832545568721,0.25500196614032583,0.19172583102203086
101,5.162954399954874,0.23928561909215612,0.05,0.20366747556853196,0.0604483743547803,0.25529932401277555,0.1914983460177749
102,6.259982797873761,0.23909321164308028,0.05,0.20377566272208766,0.06046740999075337,0.25567702374607376,0.19122836870378768
103,5.847978566299697,0.23888919157000318,0.05,0.20387282690380767,0.060485893744514324,0.25605290966237093,0.19094965022934487
104,5.229503443063469,0.23870471533834248,0.05,0.20395595372870295,0.06049247641388069,0.25637217715283506,0.19069806856502394
105,6.840518208546088,0.23848563641634368,0.05,0.20408935123860406,0.06051328724357744,0.2568031104370715,0.19038927150323287
106,7.710069279799743,0.23825694309927106,0.05,0.20420119734152775,0.060542464411614275,0.25723824509561133,0.1900611715558734
107,4.942604270547082,0.23806244919443112,0.05,0.204275045878299,0.06054062273428962,0.2575406555182127,0.1898071928305677
108,5.082310142150955,0.2378900344484797,0.05,0.20435571608098144,0.060551389323150885,0.25784648025204077,0.18956780549434366
109,4.817121403583768,0.2377165922540939,0.05,0.2044377308700738,0.060565857335779086,0.2581487877661768,0.18933546172980056
110,4.27712293766993,0.23757290602247685,0.05,0.20448167123431274,0.06057944735443189,0.25838254485165796,0.18914551249348324
111,5.47724827553817,0.23741115833193266,0.05,0.20456819593919756,0.06060157732234375,0.2587060707265088,0.1889153404302827
112,4.08251925459101,0.2372746135838972,0.05,0.20461953449446324,0.06061562561249174,0.2589151599605985,0.18873131178742772
113,6.375798686334733,0.23707170183222556,0.05,0.2047767424133917,0.0606299048766742,0.2593462939964893,0.188439461108235
114,5.595505561484314,0.23688698809122433,0.05,0.2048532604180165,0.060636876803182076,0.2596600257317986,0.18818731101500005
115,6.297396077985158,0.23668338582744106,0.05,0.20496680470125447,0.06066394979649309,0.2600506413713252,0.1878974458577806
116,4.925682429450153,0.2365084344503482,0.05,0.2050301825743509,0.06067451054265815,0.2603284370484186,0.18766415082891216
117,5.40536878812465,0.23631818168513274,0.05,0.20514565872527607,0.06067706342972711,0.260687097190618,0.18740430843785916
118,5.469948244904834,0.23613234663979996,0.05,0.2052334507531867,0.060698120852285646,0.26100182248100634,0.1871555433849899
119,4.885367098094993,0.2359962175928848,0.05,0.20527544389604138,0.060721502200917474,0.2612212198832924,0.18695686432124836
120,4.999288310059287,0.2358464533031737,0.05,0.20534625876445467,0.060748854581466914,0.2614926123384124,0.186747646952987
121,7.482649169173473,0.23565419414975214,0.05,0.20545926905313938,0.06078507135226824,0.26190508071338225,0.18645834104190293
122,4.429498248295078,0.2354973123515505,0.05,0.20550231329404506,0.060797031049306796,0.2621343686220856,0.18625001200986704
123,7.8957547371556975,0.23528448034923466,0.05,0.20564263896165108,0.060832443817660585,0.26259941495687905,0.18593189193233395
124,7.555971256767551,0.23504119472662116,0.05,0.2057744661195565,0.06084639682866769,0.26306945990764974,0.1855865939615583
125,5.46335921046195,0.2348570548555979,0.05,0.20583124502835473,0.06084657007307496,0.26335062394336645,0.18533699135621365
126,6.795100563788398,0.23464824533123957,0.05,0.20596320281893063,0.06086459203922728,0.26376451783204824,0.18503468295179537
127,5.078416725644015,0.23446816489192704,0.05,0.20604565025439878,0.06086804534183736,0.2640459057104852,0.18478995489758124
128,4.2667414655307425,0.23430274683105254,0.05,0.2061247797195252,0.060879772987996676,0.26430623760722005,0.18457472987249665
129,7.475880781524265,0.23407428614219805,0.05,0.20628753653566917,0.06091807146418877,0.2647847965867727,0.18424156208684192
130,6.589573873008407,0.2338331569603612,0.05,0.20643646443666783,0.060921336788336264,0.26519632857264547,0.18391371349891936
131,6.558073802382944,0.23360508867223428,0.05,0.2065579847951986,0.06093654128060543,0.2655884273157579,0.1835994443382325
132,4.421775037989717,0.23342930231650777,0.05,0.20662273001055848,0.06094040580721003,0.26583275742433243,0.18337376444069753
133,5.692516003382912,0.2332247770088448,0.05,0.20675683288593136,0.06095844477158442,0.26622670316951735,0.18309016592062824
134,6.418252842769165,0.23299836627148335,0.05,0.20689353165155666,0.06097507147782389,0.26663187570672375,0.1827823513847546
135,5.113630389091747,0.23281231841769565,0.05,0.206978109362587,0.06097199211754198,0.2669288722163949,0.1825322513965584
136,5.963266548252516,0.23259738277966463,0.05,0.20711083990160856,0.0609903908970459,0.26732200398219047,0.18224256368922181
137,5.4267304384171124,0.23240733847485504,0.05,0.20720589889701765,0.06100030907603425,0.2676343966269251,0.18198408604795874
138,4.7462508004344635,0.2322272958152368,0.05,0.20730080801200293,0.061008395877773756,0.26792252186006443,0.18174933383063532
139,4.920343692960261,0.23203938507329883,0.05,0.2074098069066411,0.06102023995676139,0.2682517617581123,0.18150089513252274
140,4.378732378227648,0.23187567536398998,0.05,0.20748923813884113,0.06101701074491169,0.268521216108099,0.18128572729728878
141,6.295083004953919,0.23168797755258497,0.05,0.20759912120116394,0.06103909003410672,0.2689048494059053,0.18101421597713052
142,3.974275780070193,0.23152605068604068,0.05,0.20766992200640316,0.06103778805463987,0.2691426045297491,0.18080582392748853
143,6.332974006568248,0.23132726876457543,0.05,0.20780182777281628,0.061061369081763496,0.2695476078160809,0.1805207946622677
144,4.889531828206915,0.2311427163044984,0.05,0.20788531698099003,0.061071325724260626,0.269841270003119,0.1802770307442479
145,6.107244516457967,0.23097341636867266,0.05,0.20796371146901957,0.061091578946014066,0.27015121458395336,0.18003552698417885
146,6.260827381128803,0.23077089004573093,0.05,0.20810263482694777,0.06110750924561072,0.27052886414602706,0.17974981080627736
147,4.209597832923141,0.2306027708373833,0.05,0.208182736999608,0.06109916273543395,0.27077088681105327,0.17953415172975737
148,5.226494771394821,0.23042872702460115,0.05,0.20827828182960623,0.06112045980338005,0.271099187401771,0.17929079441942117
149,7.116911964466712,0.23020801195262164,0.05,0.20841525663342267,0.06115011706700927,0.27152667258778007,0.17898243900914054
150,5.638016073535069,0.23001535002683685,0.05,0.20852265092358682,0.061154187376305964,0.2718422687779798,0.17871109270782135
151,7.368094427287669,0.22976802757222897,0.05,0.20868316454483843,0.06117417955596908,0.2723351875276331,0.17836239564373818
152,5.0075867610576354,0.22956679712850903,0.05,0.20876428803748767,0.06117534519875826,0.2726445061179193,0.17809289334063116
153,6.225696853749848,0.22934283240075698,0.05,0.20891560742472387,0.0611938215753419,0.2730484324731344,0.17778329044363858
154,5.4349534884576505,0.22912269816833364,0.05,0.20903586935244103,0.061195273111964946,0.27341120258077084,0.17749634528574176
155,4.30977404011915,0.2289765256713995,0.05,0.20908157933094923,0.0612143053824792,0.2735938334087623,0.17730230111136341
156,6.138802911053176,0.22878799208198433,0.05,0.20920513601460347,0.061242207416854544,0.2739654040848531,0.17703805052619015
157,6.2801027127910345,0.22860701396555463,0.05,0.20930113363660643,0.06126807043787457,0.2742971738068561,0.17676962553439188
158,4.078598457274817,0.22845073059418786,0.05,0.2093745932136168,0.061272146526415466,0.2745184353088571,0.1765641829829858
159,5.9729986301220945,0.2282858773305268,0.05,0.2094741280745505,0.061292981669417566,0.27483676129413936,0.17632456088873028
160,5.824432934115681,0.22811690476608926,0.05,0.20956073415574344,0.0613093647393094,0.2751455551326343,0.17608336859126303
161,5.226267334811288,0.22793107368676213,0.05,0.2096763535629611,0.06130985423284896,0.27548114269777807,0.17582986386849664
162,6.217896537934478,0.22772743663593703,0.05,0.20979238475154624,0.061318141139500563,0.27588259749252037,0.1755420689380058
163,6.038313127652475,0.22754094211630646,0.05,0.20988872959975094,0.0613338259819161,0.276204032827652,0.1752747149992101
164,6.18350091444475,0.2273278605992196,0.05,0.21000379929258606,0.061340428756072866,0.2766027205269849,0.17498742544059526
165,5.4695342757810375,0.22713489513875895,0.05,0.21010265416471888,0.06134693130733788,0.27692273879907914,0.17472760427274625
166,4.65039419124941,0.22696865197193833,0.05,0.21018993902912503,0.06135364912694076,0.2771849750769616,0.17450272177341858
167,5.880952653464383,0.22676298449325896,0.05,0.21031519894638376,0.06137256149511889,0.27758560877423766,0.17422073375998284
168,5.011679428404121,0.2265908292966354,0.05,0.210385694091775,0.06138071167729236,0.2778622266400976,0.17398821395367933
169,5.977011358081212,0.22640493835802283,0.05,0.2104899556628549,0.06139388154522843,0.27823110988134925,0.17372176543167905
170,6.301298333211338,0.2261951863882445,0.05,0.21061034523977554,0.061407706952120465,0.27861849581003156,0.17343264334417585
171,7.147595628087757,0.22597098636017887,0.05,0.21075827965419097,0.06142623564147201,0.279041439183355,0.17310550798812094
172,6.591019372880819,0.22574201902705623,0.05,0.21087532126929223,0.061436161510548606,0.279444913083154,0.17279123599820867
173,6.181621336627154,0.22551581717620398,0.05,0.21097613768559356,0.06144413628558317,0.279853680649775,0.1724884529769041
174,4.441524507528651,0.2253322457494757,0.05,0.21103764504169778,0.06143898935123643,0.2801431503777751,0.17225596238304774
175,4.573235114522665,0.22518239505858262,0.05,0.2110967426047984,0.06145182257224303,0.2803999119521454,0.17205031950138847
176,5.00693891584098,0.2250132469414649,0.05,0.21118668149292555,0.0614672755732303,0.2807134551373958,0.17182262514622387
177,5.992915230246287,0.22482346763107813,0.05,0.2112894358668097,0.061487154749635654,0.2810785752675731,0.1715598135530366
178,5.034638593944155,0.22467172788333278,0.05,0.21134864439332135,0.06150017331519672,0.2813326839046543,0.1713411360469014
179,4.520389979392308,0.22452451587837594,0.05,0.21141189995128779,0.061516146130300174,0.2815937584482035,0.17113527370575524
180,6.230075993269126,0.22431704628417282,0.05,0.21153778101306622,0.061548273157527186,0.2820133434349466,0.17084730138064202
181,5.496241633704186,0.22412214476087958,0.05,0.21162252579046736,0.0615584435265657,0.2823594015582973,0.1705803081420714
182,6.152854762254413,0.2239188458232689,0.05,0.21172188499194247,0.06157301878694097,0.28274378888063134,0.1702993267988233
183,5.285693699510544,0.2237575451467212,0.05,0.21177150773433226,0.06159175855872684,0.2830065850833884,0.1700739352051427
184,5.22449086194818,0.22358290649356186,0.05,0.21186177263503822,0.061603687342705056,0.28334288410982217,0.16982933491848304
185,5.908978010573304,0.22338190201276387,0.05,0.21196901549036992,0.06160997129115436,0.2837432436932036,0.16955061828199972
186,5.567360047540833,0.22318171048798457,0.05,0.21205661468289236,0.061620715213695255,0.2841025724856689,0.16928254764404777
187,5.029744321348722,0.22299932518846763,0.05,0.21214137927477944,0.06162808981502542,0.2844241992311046,0.16903284881256825
188,4.482397958560704,0.2228299539726269,0.05,0.21221076216361992,0.061624540392130764,0.2847173193186633,0.16881323319788039
189,6.081544270114959,0.22263346483099253,0.05,0.21231722073747752,0.06163768729514494,0.28513401523594817,0.16853354122583644
190,5.008491145692978,0.22246688000972392,0.05,0.21237428999942887,0.061645543391677285,0.2854243841259229,0.16829936849541743
191,5.811834437008303,0.22231577883860296,0.05,0.21242386952822007,0.061676727549548616,0.28569413256522563,0.16808260007005885
192,4.731839893597089,0.2221634634283435,0.05,0.2124973388561179,0.06168626178928322,0.28595836687768744,0.16787677629930517
193,5.700259538054661,0.22200646685089548,0.05,0.21256595815803297,0.061723651446197174,0.2862449273337671,0.16765609857757507
194,5.107123964079858,0.2218494400541647,0.05,0.2126417833658515,0.06173314167289454,0.28653453099636034,0.16743683563429326
195,5.526306811695492,0.2216717933923957,0.05,0.2127451182228842,0.06174381177981438,0.28689203627138343,0.1671802943003434
196,4.857792667843272,0.22150348313772156,0.05,0.2128232238804689,0.06173994258098423,0.28718700686528414,0.16695160088851152
197,4.9602658386369045,0.22133643772142,0.05,0.21290347592516223,0.061753139507638666,0.2874809702618973,0.1667270935761071
198,5.856336204290415,0.2211890860572674,0.05,0.21298130721108444,0.06177207869367099,0.2877535780020198,0.16650384909667393
199,5.417982990850257,0.2210191640585534,0.05,0.21308239138526391,0.0617820089292894,0.2880795894271469,0.16625869726329992
200,5.373271907516003,0.2208410863370197,0.05,0.21316505538497835,0.06179401396591822,0.2884175772686003,0.16600885628366494
201,5.6607092564145365,0.2206567514490043,0.05,0.21327663558250065,0.06180322527023422,0.28874987614226183,0.16574958303420323
202,5.8287982758853625,0.22049268484926796,0.05,0.2133539539698985,0.06182259665524875,0.28902367128241213,0.1655167631803841
203,3.501165272863358,0.22036341522290517,0.05,0.21340093982275657,0.061829874884721324,0.2892074705336829,0.16534597968184084
204,5.617550071555436,0.22021151584479276,0.05,0.21349045005443393,0.06185631108643773,0.28950720186703477,0.16512871581660238
205,6.026144086916802,0.22002888840918672,0.05,0.21358871612864871,0.06187578717038679,0.2898652499203462,0.16487352422243504
206,6.468329807972508,0.21984227636156586,0.05,0.2137000838047553,0.06189082860431657,0.29021317554330306,0.16460209260182462
207,5.143923707476508,0.21966764209761241,0.05,0.21375771729592793,0.061897418171750346,0.290538120724979,0.16435913694651708
208,4.574372887787315,0.2195176260389039,0.05,0.21381937991534597,0.06190652962412409,0.29078217597963824,0.16415527678055766
209,5.8466744507135315,0.2193684639542208,0.05,0.21388751776822598,0.061938827954864856,0.29106264936174475,0.16393749334307242
210,6.1931311225422405,0.21920279962599956,0.05,0.2139771641499038,0.06195975466697454,0.29139203826178844,0.16369147456986857
211,6.252516965372817,0.21900333706503464,0.05,0.21409245260413567,0.06197343745720267,0.29177008326878323,0.1634147129398991
212,6.032839415692134,0.21881682675734943,0.05,0.2141823330906537,0.061990460240780275,0.29210439984938225,0.16314900502957264
213,5.766954846651647,0.21861163500536215,0.05,0.21430214278755308,0.06199801851882197,0.2924757771958421,0.16286940086049362
214,5.064237178514136,0.21845470199715009,0.05,0.21435556983188972,0.062016572205859266,0.2927119053652987,0.16265403879006177
215,6.184791976953706,0.21828243828847188,0.05,0.2144546740348667,0.06204821769287092,0.2930443639598905,0.16240090700310178
216,4.616775180421616,0.21813146071714964,0.05,0.21450492755219042,0.06206625047599537,0.2932813560448782,0.16219721601574366
217,6.374481290464289,0.21794069234481533,0.05,0.21461163817831205,0.06209265849961542,0.293681688166761,0.16192404969151827
218,5.63893886710495,0.2177397456302065,0.05,0.2147069734279715,0.06210379010166422,0.2940369266363883,0.1616571145426747
219,4.826126687537345,0.21758787212738925,0.05,0.21475905864831044,0.062118704430466604,0.29428078918868933,0.1614441793624552
220,4.703526052926039,0.21744081181260463,0.05,0.21482730191417762,0.062139532741300456,0.2945327677690259,0.16124073814473705
221,5.7434223720561475,0.217276377866572,0.05,0.2149176821555072,0.06215937456015804,0.29486824192902844,0.16099840674292118
222,4.243146577808788,0.21713084085139545,0.05,0.21497581462288315,0.06217291046966475,0.2950971745522306,0.16079973328269928
223,5.260578777455697,0.21696423892711028,0.05,0.21505535503851386,0.06219006922171164,0.2954269777662548,0.16057046619122609
224,6.911268458917612,0.21678424437964605,0.05,0.21515028107388634,0.062217165045844375,0.29581628537892724,0.16029018810984189
225,5.380845228000286,0.21660678917973106,0.05,0.21522464142695677,0.062211808082872175,0.2961347114987159,0.160045089941972
226,5.736830396396334,0.21644994426337782,0.05,0.21528571905576935,0.06224262326808799,0.29640553278650106,0.15981963077512373
227,4.696380647015814,0.21628233191540627,0.05,0.21537300827851502,0.06224604498338082,0.29670967051262576,0.15959330557952034
228,5.043701381459202,0.2161174927725757,0.05,0.2154569214085344,0.062256030271535936,0.29700067516791806,0.1593701336489202
229,4.6896688737315815,0.21596298833749802,0.05,0.21553123571931726,0.06226986412588706,0.29726913356420454,0.15915751893764174
230,4.868708425061103,0.21581770693248478,0.05,0.2156031163594323,0.062285502801189635,0.29753517633577403,0.1589470925024867
231,5.720338717782083,0.21564261510543248,0.05,0.21570075239759404,0.062300463141333064,0.2978986271541844,0.15869142264272104
232,6.119214265608921,0.21544598349263455,0.05,0.2157963146889084,0.06230708755082229,0.29827767733422433,0.1584213106458015
233,5.417438429345903,0.2152732336975964,0.05,0.21587687854896706,0.062315677998737926,0.2985883248145761,0.15817275566189745
234,5.822750287948474,0.2151147377148897,0.05,0.2159530011643291,0.06233484081517241,0.2988723067437779,0.157938117336298
235,6.930580704142305,0.2149112492494182,0.05,0.21608035653052138,0.0623450676730524,0.29929858816536153,0.15764063404723863
236,5.527030844054319,0.21470576389433008,0.05,0.2161828687876254,0.062339508435954004,0.29965896687411875,0.15736599896420045
237,5.157211972402743,0.21453625063660942,0.05,0.21624640240001433,0.06235433018207154,0.2999319389854987,0.15713780178010678
238,4.573271158613528,0.21438704474730852,0.05,0.21630078638821038,0.06237397439198918,0.3001955206504613,0.15692952402089064
239,4.251775256642384,0.21423160723222312,0.05,0.21638190243395494,0.0623806558438512,0.3004694412536877,0.15672226567618475
240,5.471421882170134,0.21408177882870097,0.05,0.21644590730935165,0.062402480060995115,0.3007514582015992,0.1565096484112012
241,5.206510689868352,0.21391860886418518,0.05,0.21652364936269386,0.06242038330365868,0.3010562839788866,0.15628471048604736
242,3.527808883185432,0.21378473269277637,0.05,0.2165789412406022,0.06241140718098242,0.30126864760771943,0.1561098624109349
243,4.294268206222616,0.21365068696419845,0.05,0.21664432167719636,0.062421574517060874,0.30151987441136646,0.15592609143431532
244,6.378492336588328,0.2134520280930223,0.05,0.21678019973663895,0.06242801234650457,0.30195637385040247,0.15564414609473007
245,6.883653493268847,0.2132369378894715,0.05,0.2168903621895726,0.062436253519013836,0.3023906318888488,0.15533441588930222
246,6.74490925914534,0.21302500291354282,0.05,0.21698087763479096,0.0624495948639423,0.3027923690267235,0.15503275228356236
247,5.273985593206079,0.2128482775171973,0.05,0.21704588324340313,0.06245862251109733,0.3030754379351065,0.1547917622631507
248,5.008505921174041,0.21265789421018091,0.05,0.21713844101535543,0.06245149139933876,0.3034413501188095,0.15454081358350671
249,6.014658833508531,0.2124952638434435,0.05,0.21720406596298122,0.06247645082696334,0.3037430302421669,0.15430054727261752
250,5.503974302515204,0.2123202834236063,0.05,0.21729031077695804,0.06248125629759741,0.30405560495473466,0.1540661158551333
251,3.8346405534833248,0.21218926115066614,0.05,0.21733880361462754,0.062484977243290864,0.3042617003053199,0.15388528015902891
252,5.257691509865507,0.2120425634215551,0.05,0.2174198397780514,0.06250650940782358,0.30454907156318206,0.15367325946619242
253,5.739025471134271,0.21185607137375118,0.05,0.21753203288480832,0.06252385721786399,0.30490596177814344,0.15341730077986607
254,6.034627410101208,0.21164437818405868,0.05,0.21765651893111315,0.0625224170634009,0.3053200049542008,0.15312664909346824
255,5.6885210518622635,0.21144686769892523,0.05,0.2177447120558194,0.06252445448893922,0.30568024215226763,0.15285487368384898
256,6.078092284508235,0.21124535483775458,0.05,0.21785957748499168,0.06254078022067901,0.30604012278849263,0.15257423368859718
257,5.216081106273811,0.2110594096978049,0.05,0.21794706680375198,0.06254564524455705,0.30635665381534927,0.1523224716401981
258,5.928305250380903,0.21088158227513262,0.05,0.21802596943375724,0.06256803394343916,0.30668183799101656,0.15207229175126222
259,4.7568722757984006,0.21069905995035712,0.05,0.21812645263249303,0.06256594371011176,0.30699615648365475,0.15183213225814765
260,7.052955715515974,0.21045054062221302,0.05,0.21829981080460803,0.06257752105455608,0.30751675426046404,0.15148356954492748
261,5.509690351934782,0.21025562003621112,0.05,0.21838496610811786,0.06258096484930274,0.3078091077820385,0.1512163070276741
262,6.328718111953445,0.21003178707802528,0.05,0.21851175022955238,0.06259679108954722,0.3082173628757508,0.15091918624669645
263,4.5989153023054445,0.20986999357980063,0.05,0.21856560695455363,0.06260071479227726,0.30845999771664284,0.15070134468308635
264,6.095457274884288,0.20968728284661248,0.05,0.21868829764883582,0.0626335431950223,0.30878497197482563,0.1504435543744268
265,5.716754844217929,0.2094837173805643,0.05,0.2187963718927344,0.06264225979258976,0.30916011479421046,0.15017050090172654
266,5.307804632722721,0.20932732833264195,0.05,0.21885819200286855,0.06265586988420659,0.309412113867799,0.14994848135701502
267,6.6214418793830845,0.20912761698805185,0.05,0.2189787826242559,0.06268621625453534,0.3097998257461457,0.1496680250238774
268,6.837006895409202,0.20889994451247032,0.05,0.21910104628832455,0.06270719409679475,0.3102198586028618,0.14936002395921058
269,4.295727860894615,0.20874116527906203,0.05,0.21915565356546535,0.06270878541385493,0.31043325985107634,0.14915064392248004
270,5.921842287347591,0.20854031027661463,0.05,0.219282425987837,0.06273535468924935,0.31081407302304304,0.14887932490847575
271,5.506187487579563,0.20834800850848567,0.05,0.21937381505815437,0.0627365522367541,0.31116285787089,0.14861915768460493
272,6.107932228300664,0.20815792466647506,0.05,0.21947197582780856,0.06274024252365366,0.31152539950383645,0.14835194566564716
273,5.070085769882018,0.20798250120630815,0.05,0.21955135835005463,0.06275765234662298,0.3118149217572319,0.14811292080814822
274,6.800914677192298,0.20778227607152866,0.05,0.21965628584020927,0.06278122956731479,0.312213739809906,0.14782988346751394
275,5.201391650250532,0.20760650416517862,0.05,0.21971764410429637,0.06279161884532793,0.3125127553055853,0.14759089753521612
276,5.305065919547372,0.20741206939858745,0.05,0.21981871357095262,0.06279083357268775,0.31289370405315664,0.14732802938016226
277,5.8946833499345725,0.20721750245943105,0.05,0.219910183956021,0.06280362734135339,0.3132527734614611,0.14706223827800985
278,3.811212250943032,0.20707176846731884,0.05,0.2199294254408307,0.06282399981633083,0.3134611895345668,0.1468782212856536
279,5.268397318421402,0.20689845300824547,0.05,0.2200340223804905,0.06284668956104628,0.3138121155288824,0.14663378258136595
280,5.269833621585557,0.20672204462791433,0.05,0.2201097371364711,0.0628571597186767,0.31413651214541255,0.1463945010981875
281,4.611378067551659,0.20656325630293826,0.05,0.22018095252740066,0.06286551787962656,0.31440629704364537,0.14617959922217855
282,5.638388458086587,0.20637203120944328,0.05,0.22028027276207723,0.0628690721247778,0.3147995843586723,0.1459197014236817
283,4.459741571028446,0.2062084123026505,0.05,0.22034366801122626,0.06285791361537184,0.315075036661752,0.14570774344619816
284,5.1418128484290895,0.20606228479492572,0.05,0.22041617397424465,0.06287085109791112,0.31533637572463863,0.14550145815289436
285,4.877169198707026,0.20589298157334587,0.05,0.2205028207945728,0.06287918582921542,0.31565968672859035,0.14527384146776964
286,4.9824509540052855,0.20573395760623897,0.05,0.22058020379038284,0.06288280368776117,0.315957863210534,0.14504997920227952
287,5.535771363295762,0.20554894403847257,0.05,0.22067817315734678,0.06287952335020935,0.3163383284068899,0.14479300012676016
288,4.620810529366855,0.205410067708869,0.05,0.22072468441366952,0.06287911969896492,0.31657184641505814,0.1445941616450866
289,6.412131587100339,0.20522083396244145,0.05,0.22083748341664786,0.06288329934080668,0.3169807452537014,0.14432644041958007
290,5.924875906242024,0.20501730805036386,0.05,0.22093873828918553,0.06287827996612141,0.31736305644713547,0.14405509618934495
291,6.027324548516617,0.20481250874332538,0.05,0.22104881128842618,0.06287266488834223,0.31775358548486726,0.14377435738257305
292,5.453601987992517,0.20460901752115743,0.05,0.22115632163482868,0.06285775424551841,0.3181292524261858,0.14350162834170307
293,4.835451739058813,0.2044160935578752,0.05,0.2212661642948457,0.06284289068484591,0.3184653857408223,0.14324619686882278
294,6.145756522233717,0.20419955528721667,0.05,0.2213980398315221,0.06284780585248799,0.3188805298016671,0.14295080842827754
295,5.561520850611377,0.2039969456647912,0.05,0.22150267128920498,0.06284556410313515,0.31923777405502146,0.14267463157721955
296,5.4129884831254795,0.20383390844644597,0.05,0.2215656371125287,0.06285544532867648,0.3195119644532147,0.14244457065501911
297,5.33416353320555,0.20366331361067966,0.05,0.22165137776972074,0.06286577281907486,0.3198252876936538,0.14221016492387956
298,4.212418374014158,0.20353388979470494,0.05,0.22168823988281192,0.06288252795674588,0.3200209891753771,0.14203303804062745
299,7.564265637979956,0.20333036394986334,0.05,0.22181407044077017,0.06291310907371993,0.3204940437441279,0.14173152211226903
300,5.575016759102756,0.20313748792820666,0.05,0.22190152296905327,0.06291161039864762,0.32082417662478835,0.14146918894357532
301,5.0824674900530225,0.2029463472653501,0.05,0.22200077885422406,0.06290207853210739,0.32117191563959746,0.14121488740725377
302,5.558528008084845,0.2027632733820609,0.05,0.2220894393714138,0.06291009130688754,0.32150024417985873,0.14096679809477572
303,3.6533051207861025,0.2026247836079804,0.05,0.22214369002653467,0.06290978786715916,0.3216885859560599,0.14079087863871131
304,4.668221475861839,0.2024710769971828,0.05,0.22222732591361546,0.06292807539624984,0.32197235127338963,0.14058694544127295
305,5.865698515585292,0.20229006379105155,0.05,0.22233139866146576,0.06294646109289109,0.32234345741523135,0.14032872354577253
306,4.9131654060002585,0.20210815786996758,0.05,0.22241398291698722,0.062945105011422,0.3226603061528259,0.14009155292493028
307,6.227931201906059,0.20188213163510219,0.05,0.22255105509324624,0.06293855700907905,0.3231204174222567,0.1397906867273305
308,5.995026947954453,0.20166824313163387,0.05,0.2226491462309435,0.06294011832612148,0.3235144236216914,0.13950039863979735
309,6.481392546918352,0.20144703563594307,0.05,0.22276268941682453,0.06294176213801328,0.32394187743874325,0.13919456696527263
310,6.314471284854467,0.20121817259702496,0.05,0.22288143123895518,0.06293225699875267,0.324383960388754,0.13888045341419641
311,6.608831601813193,0.20097416529479692,0.05,0.22299771445386588,0.06294099738194268,0.32484129783393656,0.1385542511794858
