round,reward,w0,w1,w2,w3,w4,w5
1,6.088047433255378,0.2549443452915514,0.05357315471826584,0.1946377294772337,0.057730347395985794,0.22535141155848165,0.21376301155848165
2,6.121490324353073,0.25429764695437174,0.056649235968679795,0.19411138188850866,0.05757146833696552,0.22463251209504578,0.21273775475642842
3,6.211146938011761,0.2535362282463478,0.05922659885973768,0.19388402985314993,0.05758143079221125,0.22415182972213984,0.2116198825264136
4,5.260705265180857,0.25296235676056494,0.06110034114547192,0.19371053719765924,0.05763500896665733,0.22384695958103862,0.21074479634860802
5,5.212996080175789,0.2523668963931789,0.06261799771180108,0.19361917088956268,0.057738539602198845,0.22380957147613273,0.20984782392712584
6,5.41199832084334,0.25181755676752027,0.06392699289753068,0.1935832534614563,0.05785453225115024,0.22385282459029346,0.20896484003204907
7,4.944860489657414,0.25120795207931407,0.06481708443673925,0.1937053993253283,0.05800843248726656,0.22421354642004623,0.20804758525130565
8,6.186830114470701,0.25057481429792017,0.06571270341617502,0.19390486972817617,0.05817704244318338,0.22462533334767065,0.20700523676687468
9,5.905408892635196,0.2499210198097075,0.06636338146344817,0.19407780426854007,0.05835568212248185,0.22526336148050063,0.20601875085532176
10,5.623209216105949,0.24919291525412374,0.06668741332497169,0.19442251540764235,0.05855280404626323,0.2262102771716749,0.20493407479532416
11,6.214848675498934,0.2484501412167743,0.06694300399551807,0.1947387364683436,0.0587993461842929,0.22722497809048475,0.2038437940445865
12,5.705345262101704,0.247748430756936,0.0670182772937261,0.1951187523917254,0.05906491864839208,0.22823751329963765,0.20281210760958265
13,6.159057435299483,0.24701988393706112,0.06695732938156489,0.19551630740374146,0.05935694698950893,0.22944750150564547,0.2017020307824782
14,6.645429829779076,0.24617916598922893,0.06670411913694083,0.19606665891256503,0.059626002811945376,0.23097668519526965,0.20044736795405024
15,4.874766924285784,0.24557819068539283,0.06647386769517981,0.1964582715866829,0.05987679517289864,0.23208239730256394,0.19953047755728176
16,4.739603723748291,0.24495819150534193,0.06616172291696489,0.19686159589580163,0.06012898090409549,0.23327509337540875,0.1986144154023872
17,4.970268093557199,0.24435933783465716,0.06584036552522285,0.19723675392456863,0.060384787549093585,0.23444309643724076,0.1977356587292171
18,5.332551920443607,0.24365201761496877,0.0653452770419336,0.1977594996317775,0.060624204771634285,0.23591351592647913,0.19670548501320673
19,6.490144130030177,0.24296901932114492,0.06482961145432169,0.19824149527485765,0.060950674425001586,0.2373686530175982,0.19564054650707582
20,6.215488627343269,0.24222777636154294,0.06416849598355225,0.1988646946914398,0.061271733391254246,0.23897291154363692,0.1944943880285739
21,4.704121583225431,0.24159579913332005,0.0636332653338474,0.1993666720288396,0.06152437489685552,0.24028593860520334,0.19359395000193416
22,7.0064482156510035,0.24068691766665273,0.06271956569908167,0.20014250577407108,0.06183881293486436,0.24236813017267866,0.19224406775265152
23,5.952300363420696,0.23998478771078646,0.06198620873523738,0.20073459295223622,0.06215757647678658,0.2439799868664882,0.19115684725846518
24,5.551347649044363,0.2392517774551192,0.06122946466092115,0.20135899186632322,0.06246768731941192,0.24560482066252465,0.19008725803569984
25,5.318471383714935,0.23854819342474895,0.060530769253223655,0.20194476437483114,0.0627683034587742,0.2471005644324651,0.18910740505595702
26,5.719820201185623,0.23769630106045905,0.05960632399943726,0.20273765798334537,0.06305318637794508,0.2489980866191366,0.18790844395967674
27,6.4443073129789274,0.2369730101703739,0.05874454508762184,0.20338699449834927,0.06338124111692085,0.2507350465613675,0.1867791625653667
28,5.9368017052936946,0.2361245350182333,0.05777706558433897,0.20414300569784702,0.06367308662831656,0.25271306103962843,0.1855692460316357
29,5.018635182079731,0.23548204139604492,0.057045458702221045,0.20468589402148782,0.06391115375458924,0.2542487459135415,0.1846267062121154
30,4.01277852600871,0.2349694831722511,0.05644858111777053,0.2051257534249825,0.06412538720353227,0.25548677623459454,0.1838440188468691
31,5.5057602256958615,0.23423301335936123,0.05553080716759156,0.2057890214398924,0.06439544057567119,0.2573230937690493,0.18272862368843426
32,6.438457563096751,0.2333568675925967,0.05442573135500834,0.20659113915577926,0.0646489517096489,0.25955255739647465,0.18142475279049208
33,4.674990112851043,0.2326307275718614,0.0535732221003668,0.2072325602522847,0.06491340802632428,0.26125067890262177,0.18039940314654113
34,4.026420892291866,0.23210472703996501,0.05296616293406288,0.2076843869980844,0.06511238597178758,0.26250044899371466,0.17963188806238556
35,5.327389420817647,0.23143917540899941,0.052131090697577584,0.20829292305706873,0.06536551482639567,0.26413981442839735,0.1786314815815612
36,4.413163331808716,0.23089892007790203,0.051479184698324736,0.20875591331977636,0.06559186627540604,0.2654488104225624,0.17782530520602843
37,6.255267360546281,0.23008069673683312,0.050430300820066366,0.2095585634782453,0.06582820170196935,0.2674868276963135,0.1766154095665723
38,4.435950859968029,0.22939333177687699,0.05,0.2101465231340425,0.06595771449627337,0.26917878927723454,0.17568038358543858
39,4.4775140775670845,0.2288570472864961,0.05,0.21051064566801767,0.06613516843912526,0.27026101950636766,0.1748862472615791
40,4.545331131262163,0.22816492920876627,0.05,0.21096416810870527,0.06625992535123937,0.27150242888100334,0.17392668304495582
41,4.220729125547237,0.2274447442983631,0.05,0.21137305832210126,0.06630510075815352,0.2728055969616487,0.1729303252045223
42,4.405774124765402,0.22677414438506358,0.05,0.21167581640157157,0.06636988049169418,0.27396776284475516,0.1720038445173572
43,5.799153187693936,0.22594023550773396,0.05,0.21226671891398063,0.06646842990566235,0.2756152037965982,0.17078863197892816
44,5.338593662130946,0.22521409340212506,0.05,0.2125788775907208,0.06654967633176757,0.27688789135837893,0.16971314624103298
45,5.02735711069934,0.22440714717201174,0.05,0.21302855990996658,0.06662634771605772,0.2783631821104295,0.16857947565492037
46,6.240940017371137,0.22354604239790996,0.05,0.21348227411332002,0.06675605260960922,0.28000245769615756,0.1673321304797154
47,5.947084156647899,0.2227191666501772,0.05,0.2137934576019858,0.06683251002945817,0.28156357287100786,0.16614899144158557
48,5.7373974981274936,0.22179710539752578,0.05,0.21423754360575697,0.06687832596570452,0.2833260561432308,0.16489343662212982
49,4.194689826013542,0.22117147662570188,0.05,0.21435318276012874,0.06696737808826647,0.28423663876679256,0.1640227819327943
50,4.682811805796325,0.22051437372128163,0.05,0.2146577887579954,0.06706054639651497,0.28546867588218244,0.16310157438422354
51,4.519379926707199,0.21979864983998149,0.05,0.2149592088028401,0.06714443440856634,0.2867998291259075,0.16214137575925688
52,6.5650226750205665,0.21889349189015855,0.05,0.2155143750621514,0.06725724523252162,0.2886926518908979,0.16083346989577155
53,4.566716190581816,0.21821026652004813,0.05,0.21580604812586188,0.06727131766652303,0.28969592938853617,0.15986817748268928
54,5.134279943662894,0.21759379340955207,0.05,0.21608556468989226,0.0673862035609348,0.29078000126357795,0.15895506428746034
55,4.890824478105647,0.21677807222340353,0.05,0.21654818261810788,0.06741079162145404,0.2924202061971406,0.1578432874014777
56,6.8996907186904135,0.21573042682996613,0.05,0.21722244239965638,0.0675087620976626,0.29455659972956055,0.15635721954387113
57,6.129455571493896,0.21469770465340893,0.05,0.2177179772533863,0.067559846768793,0.29638276212582365,0.15494521296696656
58,5.340821250878506,0.2138984686931194,0.05,0.21806671298994493,0.06762321999925798,0.29764272210287407,0.15380377210740753
59,5.626279946869162,0.21297968380279436,0.05,0.2186148849544038,0.06769985864851519,0.2992958585802316,0.15255409405982814
60,5.8691364197987985,0.21220149585202752,0.05,0.21900178422165967,0.06781584972312567,0.3006164653780723,0.15140731282109596
61,6.205570541857627,0.2111672473544008,0.05,0.21966043374992852,0.0679405660420048,0.30254323394071975,0.14999658349983838
62,6.73289462648955,0.21015872005787412,0.05,0.22029577274264933,0.06797122068785603,0.3045773051305799,0.14844619017509558
63,4.312505816119209,0.20933487872802425,0.05,0.22061928826252553,0.06799008105776536,0.30571232970632917,0.14734525183458858
64,6.257534260357054,0.2084296664622313,0.05,0.22114559511723497,0.06814148034624237,0.30740563905714713,0.1460623512500714
65,5.654987215762907,0.20762056180606822,0.05,0.22151614970513872,0.06825174611618888,0.3087495362311771,0.14491382698872254
66,4.237027225733302,0.20688199191475548,0.05,0.2218623926299605,0.06830374633215729,0.3099255895820943,0.1439223824813195
67,6.196889013120669,0.20591633701147186,0.05,0.22260700572997208,0.06838368083821283,0.3119833937323953,0.14246874419869887
68,5.855770322604196,0.20494914677723558,0.05,0.223118217349477,0.06844382260117375,0.31366054828032225,0.14110204558722703
69,6.079004924509659,0.20397737088424536,0.05,0.2236037837511677,0.06853007914274406,0.3154165859264904,0.139741359123267
70,4.115581623388386,0.20326234546197794,0.05,0.22384323263934194,0.06856459668196069,0.31640400216400505,0.13878860172597432
71,4.995541654953173,0.20256613674980586,0.05,0.22416561212134078,0.06868627658211338,0.3177107002125129,0.13778541934883418
72,5.1180867440146365,0.20186133048291727,0.05,0.22450739875842704,0.06884708524112851,0.31895835823855023,0.13676162000958494
73,5.7455689560763386,0.2010561742484644,0.05,0.22499766619800574,0.06895705439814746,0.3205109124511736,0.1355764163932891
74,8.382968936100676,0.1998977324079657,0.05,0.22578002461533933,0.06915219792995128,0.3229755460918092,0.13384253036833607
75,5.332686828045393,0.19901663995974364,0.05,0.22606907594739217,0.06919338992372916,0.3242368028067918,0.13262131298275506
76,5.839779541925926,0.198090610662517,0.05,0.22653243939867918,0.06930215961933807,0.32597356916927217,0.13131988227084082
77,5.11724744197471,0.19720617012881736,0.05,0.22692234253513155,0.06934783156654373,0.32747218320200294,0.1301449608007707
78,5.996591135255882,0.19633362096938264,0.05,0.2273887068650138,0.06945429309174243,0.3291359081826494,0.12887608622414962
79,6.050256818532747,0.19536186062660507,0.05,0.22792773480795048,0.06952463418420107,0.33100047923163933,0.12749119965611003
80,5.078001229581795,0.19461705516972763,0.05,0.22817269463956408,0.06961522150367036,0.3321952904105336,0.1264066870128769
81,4.287992235117666,0.19384858088841192,0.05,0.2285241385060495,0.06962526782543392,0.33358566381497434,0.12537328693564387
82,5.501835568817728,0.19296397851520536,0.05,0.2290717602476479,0.06973112590830909,0.3353115150917299,0.12410973607782018
83,4.960240755056503,0.19210208249884714,0.05,0.2294698533396972,0.06974246192992933,0.33683249592481135,0.1229443421454221
84,5.6561516056095344,0.19121273688281368,0.05,0.2299511876252706,0.06983223845975638,0.3385149130988742,0.12168013702903875
85,6.232071751477269,0.19022161523825176,0.05,0.23048944879847527,0.06991709262499109,0.3404500805878419,0.12026508688748404
86,6.553797196770967,0.18919429450261263,0.05,0.2310058758342828,0.07000679216221643,0.3423194162931471,0.11883420070967066
87,5.927829353599214,0.1881116119649514,0.05,0.23164925152889598,0.07004545054486114,0.3441400328220529,0.117409493120426
88,5.574427660461448,0.18720255812827052,0.05,0.2320702219481974,0.07013786938310697,0.34567186557880053,0.11612977082155672
89,6.2201500072877955,0.1861964177969476,0.05,0.23264426442781888,0.07020644091289012,0.347510860915041,0.11475281538736523
90,4.6458776717981145,0.18530732623476448,0.05,0.23304945707432842,0.07022138133509027,0.34896135537417167,0.11357426258165058
91,5.7244401730435905,0.18441333677749863,0.05,0.23349999306888322,0.07028803468732943,0.350677859596782,0.11231572293492087
92,5.814843099090298,0.18346816113127803,0.05,0.23403155363374295,0.07036445870986179,0.35229929849219704,0.1110449595655662
93,5.315773691365745,0.18253038702396535,0.05,0.23451467801326084,0.07037150203364945,0.35402484937096623,0.10977124253283312
94,4.86333128888153,0.18170551043374922,0.05,0.23487779571509487,0.07039539692632227,0.3554135403412318,0.10865960878635073
95,4.417321255701642,0.1809680936326567,0.05,0.23524931274255687,0.07046937445016688,0.3565944585425384,0.10765985083027191
96,5.164142029260143,0.1800620461505593,0.05,0.23588540121092844,0.07049592766413498,0.35825711652281195,0.10645084549421559
97,5.237435943493361,0.1791559984964306,0.05,0.23637407698897145,0.07054846323969993,0.35987702812784134,0.10521941019329578
98,5.565943816189578,0.1783018911870529,0.05,0.2368078052678238,0.07062866130398918,0.3613001773508261,0.10406282450917882
99,5.806507590150929,0.17731425869013115,0.05,0.23739112731361595,0.07070198013052616,0.3632081840657584,0.10269660261682598
100,5.90449344733841,0.17649352657305964,0.05,0.23773746733515955,0.0707628179591888,0.3646631182508308,0.10149348528385342
101,4.437514237860999,0.17579115878657992,0.05,0.2380556089050548,0.0707404811886271,0.36582052851831437,0.10051710542652426
102,5.223191909855711,0.17496584191820197,0.05,0.23854235126603585,0.07079139421708765,0.367447819876878,0.0993595886791847
103,5.476032969502261,0.17417219134272563,0.05,0.23894066620162493,0.07080650350408146,0.3689678200927905,0.09821152232189057
104,5.372149270095741,0.17325027117708233,0.05,0.239447533853954,0.07084748788253184,0.37067856565955315,0.09696972466859258
105,7.034749459541135,0.17230645390957447,0.05,0.23994685326110518,0.07094721100135165,0.3725178765218532,0.09560217853532259
106,6.921214408783404,0.1712826043384993,0.05,0.24050599894673366,0.07100273585402649,0.37448231737283383,0.09414145854215941
107,4.387479656511995,0.17043505179671395,0.05,0.24083444261371503,0.07095800269493939,0.3757794182126634,0.0930452001013212
108,4.911316931614601,0.16963218520443218,0.05,0.24126683903104576,0.07103235097424353,0.37716977323761897,0.09195050247545392
109,4.735529094126614,0.16885680741564887,0.05,0.2416490777842921,0.07107530571561697,0.378501627460715,0.09091286616777168
110,4.740630797462658,0.16826811760126367,0.05,0.24184417639934946,0.07114208608666994,0.37948286370595863,0.0900673542268655
111,4.56768817195417,0.16754089683524362,0.05,0.2422168220076528,0.07116896838221484,0.3809536535876036,0.0890734725633186
112,4.411042084458329,0.16691829207214712,0.05,0.24242922358100175,0.07124561194465687,0.3820218150508974,0.08820972784148677
113,4.5694735744882005,0.16623362358753085,0.05,0.2427236284177159,0.07127511974409359,0.38339089700767537,0.08727412432911737
114,4.9321215430601155,0.16550904296429927,0.05,0.24311509325691866,0.07131412257408277,0.3847241019627978,0.08628724439793437
115,5.028771364672929,0.16484844551177688,0.05,0.2433815392188188,0.07143520077017974,0.385922012938771,0.08533187907201399
116,4.705762444003994,0.16411174671040535,0.05,0.2437421697183467,0.07147265295618163,0.3873197395251773,0.08432511890253826
117,5.288802841083865,0.16336336537906188,0.05,0.2440654111539805,0.07147932999258626,0.38883257118293013,0.0832750578071204
118,4.3810783833079965,0.16264839593919764,0.05,0.24433423249940148,0.071470231066898,0.39016518238340264,0.08231187026090941
119,5.168872018262066,0.16188075809570165,0.05,0.24470974328402764,0.07149780152775528,0.39166096871273215,0.08126514321361927
120,5.3415381886038915,0.16115980272843486,0.05,0.2449858449023892,0.07155276805186278,0.393037007660031,0.08024922721197918
121,6.232704256119229,0.16035847260302308,0.05,0.24538193296654442,0.07160948532644754,0.3947322117955063,0.07906843749184479
122,5.451287711937993,0.1594097901119654,0.05,0.2458174573259213,0.07150566078631065,0.39673550903490495,0.07778547577422996
123,5.70773286040259,0.15848339519175486,0.05,0.2463058122974163,0.07143308061265174,0.3986005933392346,0.07646740431732656
124,5.75511766687636,0.15760751585281949,0.05,0.2466269927929215,0.07144445164330361,0.40024322741772184,0.07525937450775771
125,6.32214046125342,0.15651791062521514,0.05,0.2472345828116424,0.07144579580798197,0.40247819306602556,0.07377881631684573
126,6.343615664533081,0.15540257347942446,0.05,0.24781828074178747,0.07138820790536281,0.40466002044728816,0.0722429773809368
127,6.139044154856308,0.15450138393491203,0.05,0.24811077274294366,0.0714142172075829,0.4063580191790571,0.07091817060221725
128,4.646573139659904,0.15374354293176243,0.05,0.24836378026801628,0.07147775730385547,0.4075951778174855,0.0698584970104183
129,6.304938978987883,0.15284449533676828,0.05,0.24895264941720788,0.07153834222102023,0.4093667136058694,0.06856821891377013
130,6.356753563866307,0.15180503921094005,0.05,0.2495381537152255,0.07162343455415887,0.41129011309507796,0.0671464550129537
131,6.778868290978136,0.15061764564029007,0.05,0.2502437682042347,0.0716127398669241,0.41356958907054997,0.0655427828439205
132,5.760611322012747,0.14965425560036016,0.05,0.2505978745654254,0.07164391803753337,0.4151159071511529,0.06425764232156221
133,4.158577693663878,0.14882023553413484,0.05,0.2509876264955109,0.07160267041278343,0.4164782077576528,0.06317732221874059
134,5.450434540076832,0.14799583055040438,0.05,0.2514645336970813,0.0716595367361041,0.4179929486699002,0.06202564759864311
135,5.466585036663156,0.14702067531596577,0.05,0.2520677967802404,0.07167313475496347,0.4198043753780559,0.06072381984032456
136,5.665840966653665,0.14602036846031816,0.05,0.2526715697470129,0.07170129642650751,0.4215286461218068,0.05939560761399382
137,5.954725414859291,0.1450570588334549,0.05,0.253211949452618,0.0717271757514291,0.42321759712036633,0.05808621540771018
138,5.771789577285199,0.14409760733466898,0.05,0.25369194280846763,0.07177234134418015,0.42490919304819624,0.05680352231436012
139,4.983834514714543,0.14321838531692885,0.05,0.2541078775449872,0.07178999051788128,0.4264276875527984,0.05562638891905069
140,3.7221005738894037,0.14249146803599824,0.05,0.2544002571499419,0.07175754236743619,0.4275397041873554,0.05471589538767622
141,6.519006419316001,0.14162613962264028,0.05,0.25495704419532916,0.07189267189953737,0.42936836444154497,0.053433479656306286
142,4.766213791182875,0.1408130164200028,0.05,0.25530410288682903,0.07186173533994186,0.4307252412054324,0.052362975155532135
143,5.91191387602162,0.13974223324818413,0.05,0.2559898348585748,0.07185711633892912,0.43287174470155926,0.05094984150914371
144,5.532712130394107,0.13873378455190039,0.05,0.25651541305922787,0.07183685833772842,0.434630660782744,0.049616087462040444
145,4.833629231184568,0.1378909651163238,0.05,0.2568637823079186,0.07185805059707112,0.4359797985639557,0.04851193739016816
146,5.3981007287753915,0.13707537190817748,0.05,0.25732413579636954,0.07192030783310388,0.4374784157295005,0.04735759708848056
147,5.231099745706904,0.13618738717645354,0.05,0.25775375195123823,0.07190859769224298,0.4391878734887518,0.04616131458763579
148,5.706188777114854,0.1351068423427759,0.05,0.25840859054612286,0.07185797494440432,0.44127357434203274,0.044759085545250016
149,4.566238197637771,0.13429368236862987,0.05,0.2587201452783482,0.07182919984878014,0.4425735968589998,0.043673851050018184
150,5.4966362047493105,0.133311243629622,0.05,0.25929083569862166,0.07182686110846684,0.4445912195545325,0.04233000860121925
151,5.586919344174632,0.13234603437124245,0.05,0.25980128852186984,0.07186418239147271,0.44624968026647105,0.04103824651850534
152,5.756470335659504,0.13135215143684098,0.05,0.2603373295823824,0.07191685087463151,0.448022647211785,0.039709114581127886
153,5.490794947893036,0.1303979737281779,0.05,0.26086354989074856,0.07193179211529493,0.44963636276953656,0.03844486347969972
154,5.946347078651288,0.12945061854048245,0.05,0.261369029177514,0.0720327821204411,0.45128793086969277,0.03715802895246658
155,5.335005979422751,0.12861521286125735,0.05,0.2617831359818295,0.07205753421694876,0.45276580637705327,0.03597459074197294
156,4.712765365326565,0.1279624562950528,0.05,0.262015501534937,0.07213646052921034,0.45372053646623567,0.035076830661979405
157,6.218115151486942,0.127009797632246,0.05,0.26262514093785083,0.07223931040777117,0.45572055620365315,0.03374847432379601
158,5.045362372169268,0.1261150107962746,0.05,0.2630266025861833,0.07224757037395434,0.4572464015649846,0.032564570263254135
159,5.154963014022564,0.12528210194523387,0.05,0.26346642981385276,0.07222321750866209,0.45873997320655646,0.03143514160865163
160,5.076198248266568,0.12443930255741995,0.05,0.2639359222149616,0.07228799287910004,0.460264316377682,0.030263086218340993
161,4.510358883484628,0.12366055868474612,0.05,0.26424507029795,0.07222101152565447,0.4616523095823885,0.02925193652022762
162,5.575638841829204,0.12273600387230058,0.05,0.26473897712908134,0.07226776066501901,0.4635432585790719,0.0279933421686153
163,5.747023195377368,0.12192780862552227,0.05,0.26509318971161044,0.0723146253983518,0.4649718152379828,0.026853954926057293
164,5.445549121226692,0.12110835840062309,0.05,0.26547001329204034,0.07232840433608226,0.4664930141339564,0.025738655403852888
165,5.101631046502007,0.12029934339204526,0.05,0.2658832495622328,0.07232891788635334,0.4679792241803254,0.024636090863447976
166,5.701654802538376,0.11950191359221346,0.05,0.26623230065631304,0.07243473836692631,0.469521996155441,0.023485253000559814
167,4.493737520152608,0.11873553213339927,0.05,0.2665046681088781,0.07242929146046419,0.47093715024911664,0.02245256289764774
168,5.009310488656694,0.11809052610373537,0.05,0.2667256865642139,0.07252065473718754,0.4720661060620607,0.02153856843358995
169,6.578438235926196,0.11700909699804712,0.05,0.2674698194925992,0.07254175489653934,0.4745021913328281,0.020022083572344033
170,5.556462799435626,0.1160332891243781,0.05,0.2679474395135721,0.07247583964713503,0.4761559020443463,0.018719795579505632
171,6.2437491652122015,0.1150343095279586,0.05,0.2684406445798705,0.07249006270105307,0.47812337015124995,0.017331344411736622
172,5.4331188887036905,0.11423082162987239,0.05,0.2686804137722738,0.07251987824052787,0.47946425210167226,0.016234323661371546
173,5.990961099326234,0.11333199967893448,0.05,0.26915501064303193,0.07255403496254272,0.4812361184041974,0.014995462824386675
174,5.542078693774871,0.112296659003651,0.05,0.269746586518622,0.07251780452039676,0.4831984387950403,0.013635489261829439
175,4.432864230217947,0.11146794948927741,0.05,0.2700564467990262,0.07247156675547424,0.4846011190531428,0.0125373858377567
176,4.960453795460193,0.11066975306100156,0.05,0.2704181046375745,0.07244978220178677,0.4861640040803498,0.011436602235539014
177,5.695550886206198,0.10985266206831323,0.05,0.2708434694962763,0.07245973238909632,0.4877967376393032,0.010261282020094293
178,6.730172716988135,0.10874142263696242,0.05,0.2715045628399202,0.07248310978204331,0.4901371409096123,0.008717392284701442
179,4.759374788160299,0.10792774882400423,0.05,0.27174822828734263,0.0724436714415093,0.4913973232234662,0.007620851558007068
180,5.406129400781628,0.10705928678430095,0.05,0.27213995579622724,0.07244918481075673,0.4931635706072198,0.006425616353931968
181,5.490787287973483,0.10600493838011125,0.05,0.2727603942274051,0.0724344339381189,0.4951879610553483,0.005040731568260515
182,5.050704080838418,0.10507868874161477,0.05,0.27315552390181386,0.07236500029463182,0.4968593322749311,0.0038135728118214324
183,6.037898503236591,0.10408622587367497,0.05,0.27367660437112074,0.07239128233024227,0.4987397863779795,0.0024829301429665565
184,5.645958029831907,0.10321575417786069,0.05,0.27405483608244646,0.07242086188356738,0.5002397375323056,0.0012996287682981457
185,3.3024163202327226,0.10267572217828891,0.05,0.27413415770108185,0.07238220582511402,0.5009500138827678,0.000603114776126633
186,6.193334953648032,0.10160416532463114,0.05,0.2746847027728796,0.07232120830862158,0.5028860099367086,0.0
187,6.306011074029427,0.100213592960269,0.05,0.274998504973586,0.07199536358487611,0.5046425440185613,0.0
188,4.091394830969153,0.0992077053747454,0.05,0.27497045860867436,0.07166280601588489,0.5054492791412903,0.0
189,5.648802965212361,0.09795882853014451,0.05,0.27520205386038255,0.07134945291340626,0.507126075562052,0.0
190,5.386162663120919,0.09667416304880212,0.05,0.2753995629026884,0.07098947830780585,0.5086048363720963,0.0
191,7.306783486695961,0.09517730194593411,0.05,0.27561372130439926,0.07067286161508728,0.5105642509558133,0.0
192,5.568073802109743,0.0939747824319931,0.05,0.2756120036000494,0.07030704658529846,0.5116854798419205,0.0
193,5.055299092565577,0.09284121709049939,0.05,0.2756986124519233,0.07002244182199968,0.5129510454142407,0.0
194,5.745715040691171,0.09150569572141627,0.05,0.27596274412428995,0.0696614814835161,0.5145800655485779,0.0
195,5.892181438638622,0.09029195496353423,0.05,0.27603592656767356,0.06932209781394894,0.5159656330072824,0.0
196,7.9479974742013875,0.08863569102729604,0.05,0.27643710457995946,0.0689739258236625,0.5182051445604077,0.0
197,3.850917688000421,0.08757590324032187,0.05,0.27629373663488566,0.06858490297819912,0.5188717298118514,0.0
198,5.280107657967635,0.0865413334033965,0.05,0.27641083767551333,0.06835836335514053,0.520111234590376,0.0
199,6.9330081226896425,0.08513232837407123,0.05,0.27666223495609077,0.06810173163557583,0.5220034872344937,0.0
200,5.101917859298412,0.08390557253104103,0.05,0.2767312188436121,0.06775871782964549,0.5232007683302916,0.0
201,5.284360648786953,0.08276819675466553,0.05,0.27678295030726396,0.06751669647217338,0.5244509121444373,0.0
202,5.39641096913989,0.08161751761464225,0.05,0.2768726962837441,0.0672645197462159,0.525787308794835,0.0
203,4.001971210526938,0.08060493735169409,0.05,0.27690764260554296,0.06699411823699862,0.5267793932327284,0.0
204,5.812300611251983,0.07937235133870961,0.05,0.2771119340651357,0.06677173551783065,0.5283934842099708,0.0
205,6.4661260057542105,0.07777796325432575,0.05,0.2774905474764053,0.06637977545484908,0.530432199824609,0.0
206,6.255382689797165,0.0763961895200759,0.05,0.27752654675107147,0.06604004115407043,0.5318267992187623,0.0
207,5.993233403156811,0.07501973889148193,0.05,0.2776569337922865,0.0657204947297928,0.5333965579495237,0.0
208,4.938113860435128,0.07387176016841442,0.05,0.277685942693618,0.06541980759011262,0.5345288055273693,0.0
209,4.625212539265758,0.07287429169055636,0.05,0.2777170285250691,0.06520110380280947,0.5355411565089021,0.0
210,6.361249385905179,0.07158101854350732,0.05,0.2779308687934266,0.06495617387104141,0.5372589968636798,0.0
211,5.10235163695135,0.07039716860201274,0.05,0.2780535880031317,0.064598328643283,0.5385228240676555,0.0
212,5.569719164347245,0.06934607477596993,0.05,0.2780414007123803,0.06440160229055875,0.5396848832203073,0.0
213,5.247518296348986,0.06832510473478423,0.05,0.2780616064118489,0.06413876425396228,0.5408791987866762,0.0
214,6.519841240087482,0.06701046349033332,0.05,0.2782383719337064,0.06385534594511176,0.5426738909484046,0.0
215,4.459727563666756,0.06605855736872056,0.05,0.27809448955237287,0.06359852034237337,0.543495652250546,0.0
216,5.933502577977126,0.06479790676234083,0.05,0.2783204066576406,0.06331015522423591,0.5452745644925097,0.0
217,5.599774304792949,0.06360787338985763,0.05,0.2783450675420398,0.06302053072203852,0.5466100149733059,0.0
218,5.4534785360215725,0.06237198721942576,0.05,0.2784838604730813,0.06271307766368336,0.5480630615213271,0.0
219,5.306090195460174,0.06121472861252026,0.05,0.27860479061831006,0.062364641601844996,0.5493835303354601,0.0
220,4.262879436335245,0.060286859589079464,0.05,0.278539410673353,0.06212266524729651,0.5503012892771585,0.0
221,4.564193856557263,0.05945802463353342,0.05,0.27856137399139286,0.06193249052332861,0.5512393295072914,0.0
222,5.78427553637099,0.05824750933730135,0.05,0.27874534064548434,0.0616356653901266,0.5530303250654474,0.0
223,6.062220194072769,0.056905087852453046,0.05,0.2788326011900095,0.06132855716951281,0.5547616563895679,0.0
224,5.086812772004916,0.05564308046539931,0.05,0.2789226569994738,0.0609141740224199,0.55619575402183,0.0
225,5.771111157355517,0.05452118464058971,0.05,0.2789666531100163,0.060646216279106116,0.5574609849627807,0.0
226,5.76607801797496,0.05354565433079427,0.05,0.27894175889188005,0.06045173793203397,0.5584549451880508,0.0
227,5.849415976347771,0.05222377864392655,0.05,0.2791440300586407,0.06012253659152233,0.5603159291061476,0.0
228,4.186602085657871,0.05120975099651555,0.05,0.2791210610865607,0.05977225943191455,0.5612484705875903,0.0
229,5.0040872219899715,0.05029271716073027,0.05,0.27918226237534893,0.0595972325641701,0.5622246666758196,0.0
230,4.377360614934301,0.04933820352614188,0.05,0.27916908676393865,0.05938430847324987,0.5634038008071703,0.0
231,6.108815054304794,0.048153010216760314,0.05,0.27936297205732696,0.05913204332337489,0.5650355210338251,0.0
232,4.521727935900327,0.047265047408530866,0.05,0.2793191938873705,0.05888091177424325,0.5657956806622317,0.0
233,4.77856416609747,0.046243086367028605,0.05,0.27946265451090274,0.05860064183708721,0.5671335399519247,0.0
234,6.735788391491309,0.044958153746616776,0.05,0.27967645206562597,0.058313283703791775,0.5688829582342783,0.0
235,6.198536477113789,0.043731741897327404,0.05,0.2796920601095008,0.058001495100410846,0.5703152100958925,0.0
236,5.760055070306537,0.04249034063597111,0.05,0.27983733007269934,0.05770019999524638,0.5716761815761592,0.0
237,6.478322717257288,0.041110284725301253,0.05,0.2800394657833608,0.05735066257432002,0.5734102674479914,0.0
238,5.581808269698516,0.04009738223822279,0.05,0.27994552094909236,0.05717464648777514,0.5742303932534389,0.0
239,5.2455313162015775,0.03902488470795987,0.05,0.2800160407103498,0.05691760832313633,0.5755531549668543,0.0
240,6.988564621443527,0.037623093385034646,0.05,0.28035086548900906,0.056703660299889526,0.5772332615788521,0.0
241,5.626381507993097,0.03636558756697015,0.05,0.28051310291685894,0.05640706420442492,0.5783866935050626,0.0
242,3.290809332683201,0.03544362509890578,0.05,0.2804635474576729,0.056096583875185825,0.5792313249680191,0.0
243,7.289797595496057,0.03400590333975017,0.05,0.28088139666845346,0.05590290987108767,0.5812784740965095,0.0
244,6.396555798795827,0.032660528046562824,0.05,0.2810080810068449,0.05559581194195521,0.5826218419462804,0.0
245,6.1487496797643875,0.03128252707589577,0.05,0.2811290590780584,0.05527896800304896,0.5841805561719599,0.0
246,6.948862278308462,0.02969631275589596,0.05,0.28135600482143786,0.05497935444421631,0.5861445842912313,0.0
247,5.425085320609317,0.028282703144633846,0.05,0.2814573440455822,0.05465328602860703,0.5874489904008646,0.0
248,5.138277201897931,0.026972937622026162,0.05,0.28156025738382034,0.05432123448833515,0.5889112474341175,0.0
249,5.840164663263917,0.025768129062693674,0.05,0.2815969248488555,0.054109700751823815,0.5902167721851305,0.0
250,4.941222322789912,0.024647070492602483,0.05,0.28168632364275625,0.05387593106132481,0.5913417004470435,0.0
251,4.08065676271304,0.023683790184830484,0.05,0.2817530280216815,0.053655667241987566,0.5922539620488935,0.0
252,5.688744623698521,0.02233804098767631,0.05,0.28211601384895085,0.05329857176758448,0.5941499548137871,0.0
253,5.689990711657209,0.021094345902274124,0.05,0.28219011023287094,0.05303654631431341,0.5953726992923121,0.0
254,5.000979940781462,0.019977069789958144,0.05,0.2822923457569268,0.05275101157690802,0.5965364373303558,0.0
255,5.891496350095844,0.018846251348840545,0.05,0.2823812320907306,0.052486624246441835,0.5979627610324687,0.0
256,4.971205882539833,0.017491863402125517,0.05,0.2826404578874797,0.05208366000631721,0.5995719202717791,0.0
257,7.432150109952323,0.015773326068723864,0.05,0.28303738014497803,0.051773155093172415,0.601788166595835,0.0
258,5.085817620562428,0.01463301780324589,0.05,0.28289879028609033,0.05140429482700143,0.6026570013097892,0.0
259,4.450843877565164,0.013770685191969003,0.05,0.28289485623389665,0.051246905746188724,0.6033362734551804,0.0
260,6.899219100628139,0.012317124657177974,0.05,0.28336491267554,0.05097939078946451,0.6054048228912002,0.0
261,5.227889994338393,0.011140489830136867,0.05,0.2834634612693908,0.050650148175846635,0.6063547748903942,0.0
262,5.332240551204852,0.009855328018620548,0.05,0.28371405255537785,0.05025578614144055,0.6079633940365766,0.0
263,4.770442749565911,0.008766145270386771,0.05,0.28383464572267547,0.04991308922213635,0.6089933065561982,0.0
264,5.953781488095834,0.007525892112484666,0.05,0.28414116183491067,0.049646683066458266,0.6104821435272196,0.0
265,6.372233287899222,0.0060420895387627745,0.05,0.28441654138252215,0.04920400441502519,0.6123919859319596,0.0
266,4.985050525712014,0.004898054070270543,0.05,0.2844379428081138,0.04887621796055923,0.613360010993557,0.0
267,6.419169716891551,0.0036003315237228255,0.05,0.2847039558013264,0.048561046395823836,0.614952074642413,0.0
268,5.605431107046067,0.0021631361322257243,0.05,0.28506934569345815,0.048134524763723686,0.6165698266251837,0.0
269,5.756273274344351,0.0007670760807257141,0.05,0.28526331495521634,0.04775749474120181,0.6181272681366451,0.0
270,6.507503286349897,0.0,0.05,0.2854440706262988,0.047126370906664994,0.619835263641862,0.0
271,4.771863346305872,0.0,0.05,0.2850866232892923,0.0464966192798087,0.6202702829473654,0.0
272,4.95320945607235,0.0,0.05,0.28473953489801845,0.04606364925762656,0.6207475806583046,0.0
273,5.288243900361338,0.0,0.05,0.284596698300932,0.04555694091124259,0.6216392986840549,0.0
274,5.532342240991184,0.0,0.05,0.28442872202676117,0.04498504416723484,0.6225636297293873,0.0
275,4.406468067720562,0.0,0.05,0.2841394144658718,0.04437824555672838,0.6231992591753924,0.0
276,4.054342323906443,0.0,0.05,0.283846599432524,0.04391172122477933,0.6237512215225325,0.0
277,5.296465732407054,0.0,0.05,0.2837674821746408,0.043503706077959024,0.624485128827999,0.0
278,4.435625530454589,0.0,0.05,0.2836538596262375,0.042935894524468485,0.6251555512660608,0.0
279,5.086209199881055,0.0,0.05,0.2835571580233254,0.04237368343524423,0.6259302490299556,0.0
280,5.903110276324428,0.0,0.05,0.2833700212338136,0.041853581429651454,0.6268177315253598,0.0
281,5.068683825330905,0.0,0.05,0.2831912629241363,0.041141072094498035,0.6277753008511968,0.0
282,5.217011930923991,0.0,0.05,0.2830099875257347,0.040444469997215814,0.6286007955410589,0.0
283,4.451460157985752,0.0,0.05,0.2827060829629214,0.03991290035625972,0.6289226658529092,0.0
284,5.116753414749137,0.0,0.05,0.28263165290549047,0.039402692188690684,0.6296753191811848,0.0
285,5.8017082523849455,0.0,0.05,0.28251575191677003,0.038847513634804855,0.6305978992010935,0.0
286,4.82485569525123,0.0,0.05,0.28229093010257156,0.03824155037926568,0.6313325722815128,0.0
287,4.842127989152663,0.0,0.05,0.282113912055735,0.03768705436295984,0.6318124966008143,0.0
288,5.634108492262647,0.0,0.05,0.2820539900986858,0.03709798899511061,0.6327479271213929,0.0
289,5.683418652801641,0.0,0.05,0.28185327114273123,0.03652877913088036,0.633502737692919,0.0
290,5.020323644154448,0.0,0.05,0.2816361188978869,0.03592738521945639,0.6342994502404011,0.0
291,5.951271734920387,0.0,0.05,0.2814382280545263,0.03524899516714486,0.6354643751957951,0.0
292,5.734450702252273,0.0,0.05,0.28098316442526966,0.03471361328337556,0.636175080849243,0.0
293,5.362865183062753,0.0,0.05,0.28078457069869306,0.03404195365352061,0.6371862753920956,0.0
294,5.011736839211472,0.0,0.05,0.2806019964043078,0.033347536887713615,0.6380664964904506,0.0
295,6.715351621271923,0.0,0.05,0.280335670858504,0.032674890122581395,0.6391893347405304,0.0
296,5.374651004977632,0.0,0.05,0.28007550700513195,0.03199138871001218,0.639938261315808,0.0
297,5.267849994274155,0.0,0.05,0.2797792459329992,0.03144364394142686,0.6405520088933074,0.0
298,4.160903390198755,0.0,0.05,0.2796337871797553,0.030920384454909182,0.6409693376116914,0.0
299,6.047522669249306,0.0,0.05,0.27956502854618215,0.03038311414493785,0.6419938094748021,0.0
300,7.226200825927669,0.0,0.05,0.27953982757746276,0.029505350461942456,0.6435931276040547,0.0
301,5.626100480009425,0.0,0.05,0.27921551790464355,0.028786644460686826,0.6441807034291084,0.0
302,5.4807370408164395,0.0,0.05,0.27884687332008173,0.02824614337123845,0.644763159181169,0.0
303,5.535044388650755,0.0,0.05,0.2786189643418743,0.027728394962637803,0.6455409942945016,0.0
304,6.420191496638259,0.0,0.05,0.27846810080971096,0.02702125466880397,0.6469010992181241,0.0
305,5.406370414107988,0.0,0.05,0.2780884290538652,0.02636421943725468,0.6475602412635806,0.0
306,4.544771025184968,0.0,0.05,0.2778668587223994,0.02574285360882395,0.6481902638990962,0.0
307,6.424297941001313,0.0,0.05,0.27773490249264654,0.025104248485347216,0.6493807176229629,0.0
308,5.874949246037098,0.0,0.05,0.27746483222438284,0.02442051656923229,0.650332995039629,0.0
309,7.267117083127778,0.0,0.05,0.277279207852341,0.023574373423018418,0.6518386603755301,0.0
310,5.493058303751983,0.0,0.05,0.2768822639207269,0.02273291928200861,0.6526699746108751,0.0
311,4.9872417222291086,0.0,0.05,0.27654168531066003,0.022024301976665044,0.6534632284523896,0.0
312,5.726853026741598,0.0,0.05,0.27634234796298723,0.021432431802729305,0.6542766948153271,0.0
313,4.26194862108828,0.0,0.05,0.27604471054477997,0.02079942331454803,0.6549059303087297,0.0
314,5.891111785684938,0.0,0.05,0.275984411433492,0.020022326013198553,0.6564065795289689,0.0
315,6.272988536165577,0.0,0.05,0.2756385783925222,0.01925350404505633,0.6573751057470039,0.0
316,6.631666231105724,0.0,0.05,0.2753309553775688,0.018500482467551402,0.6586739025250417,0.0
317,5.6166368430717615,0.0,0.05,0.27495919223114834,0.017772204906890084,0.6595219353478537,0.0
318,5.397050647780031,0.0,0.05,0.2747177889756779,0.017005203961426834,0.6605518138430777,0.0
319,5.616605117374703,0.0,0.05,0.2744503754172411,0.016265553052442552,0.6615911448475948,0.0
320,3.879347423967481,0.0,0.05,0.2739743682902701,0.015744055124039414,0.661724058382861,0.0
321,4.895740834069802,0.0,0.05,0.2739143478501107,0.01527793977535457,0.6625359521077583,0.0
322,4.831312253348591,0.0,0.05,0.2736072799526116,0.014913642252833533,0.6629979947648753,0.0
323,3.985747834044251,0.0,0.05,0.2734448662335898,0.01446252334257793,0.663561098949149,0.0
324,4.044196610701544,0.0,0.05,0.27333148301883287,0.014062902227318248,0.6639866870100577,0.0
325,4.921567841265616,0.0,0.05,0.27319888581563634,0.013679137587052994,0.6646389040232558,0.0
326,6.326310358463366,0.0,0.05,0.2731757057825581,0.013018633929796415,0.6660388390219136,0.0
327,5.682660010461499,0.0,0.05,0.272858417828729,0.012415413580228879,0.666631454891034,0.0
328,4.53374916238353,0.0,0.05,0.27245122745699457,0.0120108797292848,0.6669829185011513,0.0
329,5.305803677003045,0.0,0.05,0.2723412323534372,0.011442086026082317,0.6682276127391167,0.0
330,5.692851177350845,0.0,0.05,0.2721296996735546,0.010819366996107025,0.669025967354933,0.0
331,5.804266824463044,0.0,0.05,0.27190265447292233,0.010114556516186837,0.6701429037082305,0.0
332,5.953718036922713,0.0,0.05,0.2716103672005168,0.009468849964054633,0.6710950858867377,0.0
333,8.213082818858583,0.0,0.05,0.27147110275963493,0.00861411729085034,0.6730247579207116,0.0
334,5.149968996009777,0.0,0.05,0.27097114634201075,0.007770055703456491,0.6734790534751047,0.0
335,4.817553759924452,0.0,0.05,0.2706735538213104,0.007119736693956366,0.6741453020780845,0.0
336,3.767003897614147,0.0,0.05,0.27029742718711297,0.006721672481993166,0.6743061423852335,0.0
337,4.695899253673613,0.0,0.05,0.27020455922232095,0.006354745687475724,0.6750273641324509,0.0
338,4.41015684400722,0.0,0.05,0.2699675631935244,0.006008078834332155,0.6753578545423542,0.0
339,4.019825555369244,0.0,0.05,0.2698380616148637,0.005660023198267319,0.6758709152747213,0.0
340,6.027451287637816,0.0,0.05,0.2698533447391113,0.005097629535300109,0.6770847175434408,0.0
